0 0.33653846153846156 0.7091346153846154 0.052884615384615384 0.038461538461538464
0 0.25841346153846156 0.7163461538461539 0.06009615384615385 0.07211538461538461
0 0.6382211538461539 0.28966346153846156 0.06971153846153846 0.07451923076923077
0 0.9326923076923077 0.2800480769230769 0.052884615384615384 0.05048076923076923
0 0.96875 0.29447115384615385 0.04807692307692308 0.05048076923076923
0 0.6754807692307693 0.33413461538461536 0.07211538461538461 0.09134615384615384
0 0.38221153846153844 0.5360576923076923 0.038461538461538464 0.04326923076923077
0 0.5709134615384616 0.5588942307692307 0.0985576923076923 0.10336538461538461
0 0.37740384615384615 0.5685096153846154 0.04326923076923077 0.036057692307692304
0 0.3088942307692308 0.625 0.06490384615384616 0.08653846153846154
0 0.2548076923076923 0.6358173076923077 0.0673076923076923 0.06490384615384616