0 0.96875 0.265625 0.04326923076923077 0.0889423076923077
0 0.04927884615384615 0.8425480769230769 0.07451923076923077 0.12259615384615384
0 0.08413461538461539 0.7596153846153846 0.125 0.08173076923076923
0 0.08413461538461539 0.7163461538461539 0.10576923076923077 0.09615384615384616
0 0.140625 0.6911057692307693 0.07932692307692307 0.0889423076923077
0 0.46033653846153844 0.6790865384615384 0.0889423076923077 0.08413461538461539
0 0.45913461538461536 0.5901442307692307 0.07211538461538461 0.055288461538461536
0 0.35216346153846156 0.5889423076923077 0.06490384615384616 0.03365384615384615
0 0.09615384615384616 0.5829326923076923 0.10096153846153846 0.08413461538461539
0 0.016826923076923076 0.5709134615384616 0.028846153846153848 0.07932692307692307
0 0.23557692307692307 0.5516826923076923 0.0673076923076923 0.06009615384615385
0 0.8100961538461539 0.43990384615384615 0.07211538461538461 0.04807692307692308
0 0.2860576923076923 0.44711538461538464 0.14423076923076922 0.125