0 0.02403846153846154 0.8605769230769231 0.04807692307692308 0.08173076923076923
0 0.9891826923076923 0.3016826923076923 0.016826923076923076 0.1466346153846154
0 0.9567307692307693 0.42908653846153844 0.08173076923076923 0.10336538461538461
0 0.5733173076923077 0.4483173076923077 0.0889423076923077 0.0889423076923077
0 0.9002403846153846 0.4495192307692308 0.06490384615384616 0.07211538461538461
0 0.5721153846153846 0.5408653846153846 0.07692307692307693 0.04807692307692308
0 0.6826923076923077 0.5480769230769231 0.0673076923076923 0.038461538461538464
0 0.9459134615384616 0.5697115384615384 0.10336538461538461 0.09134615384615384
0 0.8004807692307693 0.5913461538461539 0.0673076923076923 0.057692307692307696
0 0.19951923076923078 0.6899038461538461 0.07211538461538461 0.0625
0 0.7487980769230769 0.7019230769230769 0.13701923076923078 0.12980769230769232