0 0.5324519230769231 0.22235576923076922 0.24759615384615385 0.20432692307692307
0 0.25240384615384615 0.18629807692307693 0.27403846153846156 0.25240384615384615
0 0.71875 0.07692307692307693 0.1875 0.125
0 0.4567307692307692 0.040865384615384616 0.2980769230769231 0.08173076923076923
0 0.3894230769230769 0.7259615384615384 0.3942307692307692 0.36538461538461536
0 0.16346153846153846 0.5985576923076923 0.3269230769230769 0.32211538461538464
0 0.33653846153846156 0.5072115384615384 0.34134615384615385 0.23557692307692307
0 0.8509615384615384 0.5408653846153846 0.09615384615384616 0.12980769230769232
0 0.765625 0.5300480769230769 0.12259615384615384 0.11778846153846154
0 0.9507211538461539 0.47475961538461536 0.09375 0.23317307692307693
0 0.6706730769230769 0.4230769230769231 0.28846153846153844 0.27403846153846156
0 0.390625 0.32211538461538464 0.34375 0.35096153846153844