0 0.030048076923076924 0.38461538461538464 0.06009615384615385 0.10576923076923077
0 0.359375 0.3737980769230769 0.0889423076923077 0.10336538461538461
0 0.020432692307692308 0.4567307692307692 0.040865384615384616 0.08173076923076923
0 0.03365384615384615 0.49278846153846156 0.0673076923076923 0.1201923076923077
0 0.0673076923076923 0.49038461538461536 0.07692307692307693 0.09134615384615384
0 0.3894230769230769 0.44711538461538464 0.07211538461538461 0.0673076923076923
0 0.2956730769230769 0.49759615384615385 0.07211538461538461 0.04807692307692308
0 0.75 0.43509615384615385 0.0673076923076923 0.057692307692307696
0 0.21153846153846154 0.578125 0.07692307692307693 0.07451923076923077
0 0.06370192307692307 0.6033653846153846 0.11298076923076923 0.10096153846153846
0 0.9555288461538461 0.5060096153846154 0.08413461538461539 0.0985576923076923
0 0.29447115384615385 0.6466346153846154 0.14182692307692307 0.13942307692307693