0 0.9326923076923077 0.8305288461538461 0.10096153846153846 0.0985576923076923
0 0.6947115384615384 0.8245192307692307 0.14903846153846154 0.1346153846153846
0 0.4206730769230769 0.1201923076923077 0.2692307692307692 0.2403846153846154
0 0.6153846153846154 0.1875 0.23076923076923078 0.21634615384615385
0 0.4987980769230769 0.2848557692307692 0.24759615384615385 0.15144230769230768
0 0.18990384615384615 0.30528846153846156 0.08173076923076923 0.07692307692307693
0 0.12860576923076922 0.30528846153846156 0.06971153846153846 0.08173076923076923
0 0.26322115384615385 0.3737980769230769 0.2091346153846154 0.20432692307692307
0 0.04567307692307692 0.3713942307692308 0.08653846153846154 0.17067307692307693
0 0.4855769230769231 0.40384615384615385 0.25 0.2403846153846154
0 0.5997596153846154 0.4795673076923077 0.1658653846153846 0.16105769230769232
0 0.8461538461538461 0.49399038461538464 0.09134615384615384 0.07451923076923077
0 0.3942307692307692 0.4951923076923077 0.1778846153846154 0.13942307692307693
0 0.27403846153846156 0.6430288461538461 0.125 0.14182692307692307
0 0.45552884615384615 0.6875 0.2091346153846154 0.1875