0 0.9651442307692307 0.3389423076923077 0.06490384615384616 0.15865384615384615
0 0.9122596153846154 0.45072115384615385 0.12259615384615384 0.11778846153846154
0 0.5228365384615384 0.4050480769230769 0.10336538461538461 0.10336538461538461
0 0.8413461538461539 0.46274038461538464 0.07692307692307693 0.08413461538461539
0 0.9807692307692307 0.5036057692307693 0.03365384615384615 0.11778846153846154
0 0.5048076923076923 0.4951923076923077 0.08173076923076923 0.0625
0 0.6117788461538461 0.5216346153846154 0.06971153846153846 0.04807692307692308
0 0.8677884615384616 0.5865384615384616 0.1201923076923077 0.10576923076923077
0 0.9579326923076923 0.6237980769230769 0.06971153846153846 0.0985576923076923
0 0.7199519230769231 0.5829326923076923 0.07451923076923077 0.06971153846153846
0 0.11298076923076923 0.5769230769230769 0.08173076923076923 0.07211538461538461
0 0.6502403846153846 0.6838942307692307 0.15625 0.15144230769230768