0 0.9134615384615384 0.703125 0.1201923076923077 0.08413461538461539
0 0.027644230769230768 0.7908653846153846 0.04567307692307692 0.07692307692307693
0 0.3245192307692308 0.9759615384615384 0.07211538461538461 0.04326923076923077
0 0.026442307692307692 0.14543269230769232 0.052884615384615384 0.07451923076923077
0 0.009615384615384616 0.19471153846153846 0.019230769230769232 0.038461538461538464
0 0.7091346153846154 0.30649038461538464 0.03365384615384615 0.055288461538461536
0 0.03125 0.47596153846153844 0.04326923076923077 0.0673076923076923
0 0.36658653846153844 0.5024038461538461 0.036057692307692304 0.04807692307692308
0 0.890625 0.5084134615384616 0.06009615384615385 0.06490384615384616
0 0.4963942307692308 0.5228365384615384 0.24759615384615385 0.21394230769230768
0 0.5024038461538461 0.6850961538461539 0.07211538461538461 0.0673076923076923
0 0.6057692307692307 0.6983173076923077 0.04807692307692308 0.04567307692307692