0 0.038461538461538464 0.6057692307692307 0.07692307692307693 0.09615384615384616
0 0.3713942307692308 0.6069711538461539 0.07932692307692307 0.0889423076923077
0 0.03125 0.5360576923076923 0.0625 0.07692307692307693
0 0.039663461538461536 0.5072115384615384 0.07932692307692307 0.10576923076923077
0 0.40024038461538464 0.5396634615384616 0.06490384615384616 0.055288461538461536
0 0.0889423076923077 0.5072115384615384 0.0625 0.07692307692307693
0 0.7403846153846154 0.5444711538461539 0.0625 0.05048076923076923
0 0.3161057692307692 0.4951923076923077 0.06009615384615385 0.04326923076923077
0 0.026442307692307692 0.4387019230769231 0.04807692307692308 0.06490384615384616
0 0.23317307692307693 0.421875 0.0673076923076923 0.06971153846153846
0 0.08052884615384616 0.39783653846153844 0.10817307692307693 0.09375
0 0.9483173076923077 0.484375 0.0985576923076923 0.07932692307692307
0 0.02283653846153846 0.3485576923076923 0.021634615384615384 0.07692307692307693
0 0.31490384615384615 0.359375 0.125 0.11778846153846154