0 0.6165865384615384 0.7776442307692307 0.2668269230769231 0.2283653846153846
0 0.9074519230769231 0.7920673076923077 0.17548076923076922 0.2956730769230769
0 0.4206730769230769 0.953125 0.22596153846153846 0.0889423076923077
0 0.7391826923076923 0.9759615384615384 0.34375 0.04326923076923077
0 0.7331730769230769 0.17307692307692307 0.42788461538461536 0.34615384615384615
0 0.9110576923076923 0.2848557692307692 0.17307692307692307 0.3389423076923077
0 0.8112980769230769 0.4362980769230769 0.37259615384615385 0.23798076923076922
0 0.3125 0.43509615384615385 0.1201923076923077 0.13942307692307693
0 0.21153846153846154 0.44471153846153844 0.11057692307692307 0.12980769230769232
0 0.06971153846153846 0.5432692307692307 0.13942307692307693 0.27403846153846156
0 0.43509615384615385 0.5588942307692307 0.3125 0.28125
0 0.7872596153846154 0.6225961538461539 0.37740384615384615 0.3173076923076923