0 0.09495192307692307 0.24639423076923078 0.10817307692307693 0.10817307692307693
0 0.4182692307692308 0.3641826923076923 0.09615384615384616 0.10817307692307693
0 0.06971153846153846 0.3016826923076923 0.08173076923076923 0.08413461538461539
0 0.0625 0.34134615384615385 0.09615384615384616 0.11538461538461539
0 0.11298076923076923 0.359375 0.08653846153846154 0.09375
0 0.41947115384615385 0.44350961538461536 0.06971153846153846 0.07451923076923077
0 0.32091346153846156 0.4519230769230769 0.06490384615384616 0.04807692307692308
0 0.7451923076923077 0.5625 0.07211538461538461 0.057692307692307696
0 0.037259615384615384 0.39903846153846156 0.06490384615384616 0.07692307692307693
0 0.21754807692307693 0.49158653846153844 0.07932692307692307 0.07932692307692307
0 0.06971153846153846 0.46033653846153844 0.11538461538461539 0.10817307692307693
0 0.9158653846153846 0.7055288461538461 0.11057692307692307 0.0985576923076923
0 0.009615384615384616 0.48677884615384615 0.019230769230769232 0.0889423076923077
0 0.26802884615384615 0.5829326923076923 0.13701923076923078 0.13701923076923078