0 0.6995192307692307 0.3161057692307692 0.27403846153846156 0.24278846153846154
0 0.41225961538461536 0.265625 0.23317307692307693 0.20432692307692307
0 0.2704326923076923 0.0673076923076923 0.18509615384615385 0.1346153846153846
0 0.53125 0.06850961538461539 0.2980769230769231 0.13701923076923078
0 0.41586538461538464 0.7920673076923077 0.3701923076923077 0.33413461538461536
0 0.6983173076923077 0.7247596153846154 0.34375 0.3004807692307692
0 0.5444711538461539 0.5805288461538461 0.35336538461538464 0.2283653846153846
0 0.1141826923076923 0.5024038461538461 0.12259615384615384 0.11538461538461539
0 0.039663461538461536 0.49278846153846156 0.07932692307692307 0.11057692307692307
0 0.22956730769230768 0.4230769230769231 0.29086538461538464 0.27884615384615385
0 0.5420673076923077 0.39663461538461536 0.35336538461538464 0.34615384615384615