0 0.056490384615384616 0.8137019230769231 0.09375 0.08413461538461539
0 0.27884615384615385 0.8125 0.1346153846153846 0.1201923076923077
0 0.5396634615384616 0.17307692307692307 0.24278846153846154 0.21634615384615385
0 0.36177884615384615 0.23076923076923078 0.2091346153846154 0.19230769230769232
0 0.46634615384615385 0.3233173076923077 0.22596153846153846 0.13701923076923078
0 0.75 0.3473557692307692 0.07211538461538461 0.06971153846153846
0 0.8076923076923077 0.3473557692307692 0.0625 0.07451923076923077
0 0.6802884615384616 0.4074519230769231 0.1875 0.18509615384615385
0 0.9206730769230769 0.40625 0.15384615384615385 0.15865384615384615
0 0.47836538461538464 0.43028846153846156 0.22596153846153846 0.21634615384615385
0 0.37259615384615385 0.4987980769230769 0.14903846153846154 0.1466346153846154
0 0.14543269230769232 0.5072115384615384 0.08413461538461539 0.0673076923076923
0 0.5588942307692307 0.5168269230769231 0.16105769230769232 0.125
0 0.6694711538461539 0.65625 0.11298076923076923 0.12980769230769232
0 0.5012019230769231 0.6911057692307693 0.18990384615384615 0.17067307692307693