0 0.6358173076923077 0.7115384615384616 0.2764423076923077 0.23076923076923078
0 0.9182692307692307 0.7271634615384616 0.15384615384615385 0.2956730769230769
0 0.4170673076923077 0.9146634615384616 0.22355769230769232 0.1658653846153846
0 0.7283653846153846 0.9435096153846154 0.35096153846153844 0.10817307692307693
0 0.8076923076923077 0.13942307692307693 0.3798076923076923 0.27403846153846156
0 0.9375 0.23677884615384615 0.1201923076923077 0.3004807692307692
0 0.21754807692307693 0.328125 0.10817307692307693 0.14182692307692307
0 0.8233173076923077 0.3605769230769231 0.3485576923076923 0.25
0 0.3329326923076923 0.35096153846153844 0.14182692307692307 0.14423076923076922
0 0.07091346153846154 0.39302884615384615 0.14182692307692307 0.3581730769230769
0 0.4411057692307692 0.4723557692307692 0.3389423076923077 0.30528846153846156
0 0.8088942307692307 0.5925480769230769 0.37740384615384615 0.40625