0 0.8149038461538461 0.9146634615384616 0.3269230769230769 0.1658653846153846
0 0.5384615384615384 0.1141826923076923 0.25961538461538464 0.17067307692307693
0 0.22235576923076922 0.1466346153846154 0.0985576923076923 0.10096153846153846
0 0.14783653846153846 0.14903846153846154 0.07932692307692307 0.08653846153846154
0 0.3004807692307692 0.21033653846153846 0.21153846153846154 0.20432692307692307
0 0.05889423076923077 0.21514423076923078 0.0889423076923077 0.18509615384615385
0 0.5336538461538461 0.24759615384615385 0.2692307692307692 0.25
0 0.6334134615384616 0.33413461538461536 0.18990384615384615 0.18269230769230768
0 0.43028846153846156 0.34375 0.1875 0.16346153846153846
0 0.45552884615384615 0.037259615384615384 0.18028846153846154 0.07451923076923077
0 0.30288461538461536 0.4963942307692308 0.1346153846153846 0.15144230769230768
0 0.49278846153846156 0.5336538461538461 0.21634615384615385 0.1875
0 0.6418269230769231 0.0673076923076923 0.19230769230769232 0.1201923076923077
0 0.9567307692307693 0.6766826923076923 0.0673076923076923 0.09375
0 0.7379807692307693 0.6862980769230769 0.16346153846153846 0.15144230769230768