0 0.8088942307692307 0.7091346153846154 0.21394230769230768 0.23076923076923078
0 0.5060096153846154 0.07211538461538461 0.2860576923076923 0.14423076923076922
0 0.546875 0.7872596153846154 0.33413461538461536 0.29086538461538464
0 0.22596153846153846 0.9639423076923077 0.20192307692307693 0.0673076923076923
0 0.23798076923076922 0.14182692307692307 0.3701923076923077 0.25961538461538464
0 0.41947115384615385 0.2127403846153846 0.39663461538461536 0.2620192307692308
0 0.8822115384615384 0.20793269230769232 0.14423076923076922 0.15144230769230768
0 0.9387019230769231 0.20072115384615385 0.055288461538461536 0.11298076923076923
0 0.7716346153846154 0.30528846153846156 0.32211538461538464 0.30288461538461536
0 0.4579326923076923 0.4014423076923077 0.4014423076923077 0.3942307692307692
0 0.3245192307692308 0.5120192307692307 0.2932692307692308 0.2932692307692308
0 0.6153846153846154 0.49399038461538464 0.25961538461538464 0.21875