0 0.7932692307692307 0.7415865384615384 0.20192307692307693 0.21875
0 0.5264423076923077 0.08052884615384616 0.28365384615384615 0.16105769230769232
0 0.53125 0.8052884615384616 0.3173076923076923 0.27403846153846156
0 0.20072115384615385 0.9651442307692307 0.19471153846153846 0.06490384615384616
0 0.25721153846153844 0.13942307692307693 0.3605769230769231 0.2644230769230769
0 0.43509615384615385 0.2283653846153846 0.38461538461538464 0.2403846153846154
0 0.8930288461538461 0.2512019230769231 0.13701923076923078 0.1466346153846154
0 0.9519230769230769 0.24519230769230768 0.057692307692307696 0.11538461538461539
0 0.7788461538461539 0.3389423076923077 0.3076923076923077 0.28846153846153844
0 0.4651442307692308 0.4170673076923077 0.38221153846153844 0.37259615384615385
0 0.3245192307692308 0.5216346153846154 0.27884615384615385 0.27884615384615385
0 0.6129807692307693 0.5192307692307693 0.25 0.20673076923076922