0 0.7391826923076923 0.1935096153846154 0.20432692307692307 0.2091346153846154
0 0.4651442307692308 0.18870192307692307 0.3293269230769231 0.3004807692307692
0 0.6502403846153846 0.8966346153846154 0.3004807692307692 0.20192307692307693
0 0.08413461538461539 0.1045673076923077 0.12980769230769232 0.10336538461538461
0 0.37740384615384615 0.8822115384615384 0.375 0.23076923076923078
0 0.5204326923076923 0.7740384615384616 0.3870192307692308 0.2644230769230769
0 0.9411057692307693 0.6370192307692307 0.11298076923076923 0.1346153846153846
0 0.8269230769230769 0.5745192307692307 0.32211538461538464 0.2980769230769231
0 0.5072115384615384 0.5817307692307693 0.3942307692307692 0.3942307692307692
0 0.34134615384615385 0.5228365384615384 0.28846153846153844 0.27163461538461536
0 0.6213942307692307 0.44350961538461536 0.2620192307692308 0.2283653846153846