0 0.9038461538461539 0.2824519230769231 0.125 0.07451923076923077
0 0.015625 0.22355769230769232 0.03125 0.08653846153846154
0 0.3004807692307692 0.02283653846153846 0.07211538461538461 0.036057692307692304
0 0.03125 0.8737980769230769 0.04807692307692308 0.07451923076923077
0 0.7151442307692307 0.6875 0.03125 0.0673076923076923
0 0.02283653846153846 0.5360576923076923 0.04567307692307692 0.07692307692307693
0 0.35697115384615385 0.4963942307692308 0.036057692307692304 0.05048076923076923
0 0.8966346153846154 0.47836538461538464 0.0625 0.07692307692307693
0 0.49158653846153844 0.4795673076923077 0.25721153846153844 0.22355769230769232
0 0.49158653846153844 0.30528846153846156 0.07451923076923077 0.0673076923076923
0 0.5949519230769231 0.2932692307692308 0.040865384615384616 0.04807692307692308