0 0.6935096153846154 0.21634615384615385 0.22355769230769232 0.2403846153846154
0 0.6430288461538461 0.9194711538461539 0.29086538461538464 0.15625
0 0.4182692307692308 0.234375 0.34615384615384615 0.30528846153846156
0 0.0733173076923077 0.14783653846153846 0.1466346153846154 0.15625
0 0.359375 0.9074519230769231 0.37740384615384615 0.18028846153846154
0 0.5084134615384616 0.8221153846153846 0.40625 0.27884615384615385
0 0.9326923076923077 0.6574519230769231 0.12980769230769232 0.16105769230769232
0 0.9831730769230769 0.6430288461538461 0.028846153846153848 0.12259615384615384
0 0.8052884615384616 0.6081730769230769 0.33653846153846156 0.3173076923076923
0 0.47596153846153844 0.6310096153846154 0.4182692307692308 0.4110576923076923
0 0.31009615384615385 0.5745192307692307 0.3076923076923077 0.3076923076923077
0 0.5889423076923077 0.4855769230769231 0.2692307692307692 0.23076923076923078