0 0.32091346153846156 0.6971153846153846 0.055288461538461536 0.03365384615384615
0 0.2403846153846154 0.703125 0.057692307692307696 0.06971153846153846
0 0.9771634615384616 0.3088942307692308 0.040865384615384616 0.05048076923076923
0 0.6766826923076923 0.29447115384615385 0.07932692307692307 0.08413461538461539
0 0.9939903846153846 0.3245192307692308 0.007211538461538462 0.052884615384615384
0 0.7055288461538461 0.3389423076923077 0.09375 0.09134615384615384
0 0.3942307692307692 0.5240384615384616 0.04807692307692308 0.04326923076923077
0 0.578125 0.5588942307692307 0.10336538461538461 0.10336538461538461
0 0.38341346153846156 0.5576923076923077 0.04567307692307692 0.038461538461538464
0 0.30288461538461536 0.609375 0.0625 0.08413461538461539
0 0.24519230769230768 0.6225961538461539 0.0625 0.07211538461538461