0 0.054086538461538464 0.65625 0.10817307692307693 0.14423076923076922
0 0.11538461538461539 0.6033653846153846 0.125 0.09615384615384616
0 0.12379807692307693 0.5649038461538461 0.11298076923076923 0.10576923076923077
0 0.1814903846153846 0.5564903846153846 0.0889423076923077 0.09375
0 0.4675480769230769 0.6274038461538461 0.09375 0.09134615384615384
0 0.04567307692307692 0.5180288461538461 0.09134615384615384 0.11298076923076923
0 0.48677884615384615 0.5504807692307693 0.07451923076923077 0.0625
0 0.39302884615384615 0.5192307692307693 0.06490384615384616 0.04326923076923077
0 0.16947115384615385 0.45072115384615385 0.10336538461538461 0.09375
0 0.09134615384615384 0.4182692307692308 0.0625 0.08173076923076923
0 0.3016826923076923 0.4579326923076923 0.06971153846153846 0.06490384615384616
0 0.8353365384615384 0.5024038461538461 0.07451923076923077 0.057692307692307696
0 0.36899038461538464 0.3798076923076923 0.15144230769230768 0.13942307692307693