0 0.9795673076923077 0.3389423076923077 0.036057692307692304 0.09615384615384616
0 0.040865384615384616 0.59375 0.08173076923076923 0.14903846153846154
0 0.0985576923076923 0.4855769230769231 0.11538461538461539 0.11057692307692307
0 0.15264423076923078 0.4855769230769231 0.08413461538461539 0.08653846153846154
0 0.4375 0.5576923076923077 0.09615384615384616 0.09615384615384616
0 0.026442307692307692 0.4411057692307692 0.052884615384615384 0.09375
0 0.46033653846153844 0.47716346153846156 0.07451923076923077 0.06490384615384616
0 0.37259615384615385 0.44591346153846156 0.0673076923076923 0.055288461538461536
0 0.14423076923076922 0.38221153846153844 0.10576923076923077 0.09134615384615384
0 0.0673076923076923 0.3425480769230769 0.0625 0.08413461538461539
0 0.27283653846153844 0.3870192307692308 0.07451923076923077 0.0673076923076923
0 0.8100961538461539 0.43509615384615385 0.07692307692307693 0.057692307692307696
0 0.34134615384615385 0.30528846153846156 0.14423076923076922 0.1346153846153846