0 0.05889423076923077 0.6790865384615384 0.0985576923076923 0.0889423076923077
0 0.3870192307692308 0.6237980769230769 0.07211538461538461 0.0889423076923077
0 0.039663461538461536 0.5961538461538461 0.07451923076923077 0.125
0 0.04807692307692308 0.5769230769230769 0.09134615384615384 0.09615384615384616
0 0.39903846153846156 0.5552884615384616 0.0625 0.052884615384615384
0 0.0889423076923077 0.5745192307692307 0.057692307692307696 0.08173076923076923
0 0.734375 0.4951923076923077 0.06009615384615385 0.04326923076923077
0 0.3088942307692308 0.5240384615384616 0.055288461538461536 0.038461538461538464
0 0.02403846153846154 0.5168269230769231 0.04807692307692308 0.0625
0 0.21754807692307693 0.4651442307692308 0.06490384615384616 0.06490384615384616
0 0.06610576923076923 0.46875 0.10336538461538461 0.09134615384615384
0 0.9338942307692307 0.39302884615384615 0.10336538461538461 0.07451923076923077
0 0.006009615384615385 0.42788461538461536 0.01201923076923077 0.08173076923076923
0 0.2860576923076923 0.3870192307692308 0.1201923076923077 0.11538461538461539