0 0.13701923076923078 0.7908653846153846 0.22596153846153846 0.24519230769230768
0 0.4014423076923077 0.8641826923076923 0.3557692307692308 0.2668269230769231
0 0.5228365384615384 0.12259615384615384 0.3389423076923077 0.24519230769230768
0 0.7728365384615384 0.20552884615384615 0.4206730769230769 0.37740384615384615
0 0.5745192307692307 0.30288461538461536 0.41346153846153844 0.2980769230769231
0 0.1045673076923077 0.265625 0.1466346153846154 0.1658653846153846
0 0.05889423076923077 0.25961538461538464 0.055288461538461536 0.13942307692307693
0 0.20432692307692307 0.3737980769230769 0.36538461538461536 0.35336538461538464
0 0.5180288461538461 0.49038461538461536 0.41586538461538464 0.40865384615384615
0 0.6658653846153846 0.6237980769230769 0.3317307692307692 0.31490384615384615
0 0.3485576923076923 0.5901442307692307 0.27884615384615385 0.24759615384615385