0 0.9519230769230769 0.38461538461538464 0.09134615384615384 0.09615384615384616
0 0.6237980769230769 0.39663461538461536 0.07932692307692307 0.09134615384615384
0 0.9639423076923077 0.453125 0.0673076923076923 0.07932692307692307
0 0.953125 0.4879807692307692 0.0889423076923077 0.11538461538461539
0 0.9038461538461539 0.4879807692307692 0.0673076923076923 0.08173076923076923
0 0.5973557692307693 0.4675480769230769 0.06490384615384616 0.06009615384615385
0 0.6887019230769231 0.5084134615384616 0.06490384615384616 0.040865384615384616
0 0.2608173076923077 0.4807692307692308 0.06009615384615385 0.052884615384615384
0 0.7740384615384616 0.5793269230769231 0.0673076923076923 0.0673076923076923
0 0.9134615384615384 0.5925480769230769 0.10096153846153846 0.0889423076923077
0 0.9795673076923077 0.6346153846153846 0.026442307692307692 0.07211538461538461
0 0.054086538461538464 0.5588942307692307 0.10817307692307693 0.0889423076923077
0 0.7007211538461539 0.6478365384615384 0.12740384615384615 0.12259615384615384