0 0.09735576923076923 0.2536057692307692 0.11778846153846154 0.0985576923076923
0 0.07091346153846154 0.3076923076923077 0.09375 0.08173076923076923
0 0.41225961538461536 0.36538461538461536 0.0889423076923077 0.10096153846153846
0 0.06610576923076923 0.3485576923076923 0.10817307692307693 0.11538461538461539
0 0.1141826923076923 0.3629807692307692 0.08413461538461539 0.08173076923076923
0 0.4098557692307692 0.4362980769230769 0.06971153846153846 0.055288461538461536
0 0.04447115384615385 0.3894230769230769 0.06490384615384616 0.07211538461538461
0 0.3137019230769231 0.4519230769230769 0.06009615384615385 0.04326923076923077
0 0.7283653846153846 0.546875 0.0673076923076923 0.05048076923076923
0 0.07572115384615384 0.46274038461538464 0.10817307692307693 0.09375
0 0.2127403846153846 0.48677884615384615 0.07451923076923077 0.07451923076923077
0 0.25841346153846156 0.578125 0.13221153846153846 0.12740384615384615
0 0.9086538461538461 0.6875 0.11538461538461539 0.09134615384615384