0 0.7451923076923077 0.3137019230769231 0.057692307692307696 0.036057692307692304
0 0.8293269230769231 0.3112980769230769 0.0625 0.07451923076923077
0 0.05048076923076923 0.6935096153846154 0.057692307692307696 0.05048076923076923
0 0.3641826923076923 0.7175480769230769 0.08413461538461539 0.0889423076923077
0 0.021634615384615384 0.6754807692307693 0.04326923076923077 0.057692307692307696
0 0.33653846153846156 0.671875 0.10096153846153846 0.0985576923076923
0 0.6646634615384616 0.49278846153846156 0.05048076923076923 0.04807692307692308
0 0.47596153846153844 0.44711538461538464 0.11057692307692307 0.11057692307692307
0 0.6778846153846154 0.4579326923076923 0.04807692307692308 0.040865384615384616
0 0.7620192307692307 0.4098557692307692 0.0673076923076923 0.0889423076923077
0 0.8209134615384616 0.39663461538461536 0.06490384615384616 0.07692307692307693