0 0.6358173076923077 0.7596153846153846 0.14182692307692307 0.1346153846153846
0 0.8209134615384616 0.8100961538461539 0.21875 0.21153846153846154
0 0.8221153846153846 0.2668269230769231 0.2692307692307692 0.2692307692307692
0 0.921875 0.34615384615384615 0.1466346153846154 0.20673076923076922
0 0.3894230769230769 0.46875 0.1875 0.20192307692307693
0 0.8557692307692307 0.4206730769230769 0.23076923076923078 0.14903846153846154
0 0.20552884615384615 0.5096153846153846 0.1466346153846154 0.14903846153846154
0 0.6322115384615384 0.4987980769230769 0.19230769230769232 0.17548076923076922
0 0.04447115384615385 0.5769230769230769 0.0889423076923077 0.16346153846153846
0 0.8401442307692307 0.5552884615384616 0.2283653846153846 0.22115384615384615
0 0.1141826923076923 0.6430288461538461 0.21875 0.2620192307692308
0 0.7415865384615384 0.6322115384615384 0.15625 0.1346153846153846
0 0.9242788461538461 0.6310096153846154 0.1466346153846154 0.16105769230769232