0 0.4338942307692308 0.27283653846153844 0.21875 0.2091346153846154
0 0.9290865384615384 0.11778846153846154 0.0985576923076923 0.09615384615384616
0 0.6754807692307693 0.12139423076923077 0.15384615384615385 0.1466346153846154
0 0.4098557692307692 0.8737980769230769 0.2860576923076923 0.24759615384615385
0 0.5913461538461539 0.7980769230769231 0.21634615384615385 0.22596153846153846
0 0.4891826923076923 0.7007211538461539 0.2668269230769231 0.15625
0 0.16466346153846154 0.6754807692307693 0.0985576923076923 0.09615384615384616
0 0.09975961538461539 0.6814903846153846 0.07932692307692307 0.0889423076923077
0 0.2403846153846154 0.6141826923076923 0.21153846153846154 0.21394230769230768
0 0.03125 0.6262019230769231 0.057692307692307696 0.20432692307692307
0 0.47475961538461536 0.5721153846153846 0.2620192307692308 0.2548076923076923
0 0.5829326923076923 0.49038461538461536 0.20432692307692307 0.1875
0 0.8533653846153846 0.4699519230769231 0.09615384615384616 0.09375
0 0.36899038461538464 0.48197115384615385 0.17067307692307693 0.15144230769230768
0 0.24158653846153846 0.3233173076923077 0.1466346153846154 0.15144230769230768