0 0.17427884615384615 0.6935096153846154 0.21394230769230768 0.21875
0 0.4230769230769231 0.8016826923076923 0.34134615384615385 0.31490384615384615
0 0.5276442307692307 0.09975961538461539 0.30528846153846156 0.19951923076923078
0 0.734375 0.9831730769230769 0.13701923076923078 0.028846153846153848
0 0.7788461538461539 0.17668269230769232 0.3798076923076923 0.31009615384615385
0 0.5973557692307693 0.24879807692307693 0.3918269230769231 0.2860576923076923
0 0.15144230769230768 0.20793269230769232 0.13942307692307693 0.13701923076923078
0 0.24158653846153846 0.3125 0.33413461538461536 0.3125
0 0.5348557692307693 0.42908653846153844 0.4110576923076923 0.4110576923076923
0 0.6622596153846154 0.5456730769230769 0.3004807692307692 0.28365384615384615
0 0.3786057692307692 0.5096153846153846 0.27163461538461536 0.2403846153846154