0 0.3629807692307692 0.25600961538461536 0.057692307692307696 0.04567307692307692
0 0.28966346153846156 0.23677884615384615 0.06971153846153846 0.07932692307692307
0 0.6045673076923077 0.7103365384615384 0.07932692307692307 0.08413461538461539
0 0.8918269230769231 0.7584134615384616 0.057692307692307696 0.055288461538461536
0 0.9314903846153846 0.7524038461538461 0.055288461538461536 0.052884615384615384
0 0.6466346153846154 0.671875 0.08173076923076923 0.0985576923076923
0 0.3870192307692308 0.4338942307692308 0.04326923076923077 0.04567307692307692
0 0.5721153846153846 0.4375 0.11057692307692307 0.11538461538461539
0 0.38461538461538464 0.40024038461538464 0.04807692307692308 0.040865384615384616
0 0.3233173076923077 0.33413461538461536 0.07451923076923077 0.09134615384615384
0 0.27524038461538464 0.31490384615384615 0.07451923076923077 0.07211538461538461