0 0.12259615384615384 0.15384615384615385 0.057692307692307696 0.057692307692307696
0 0.3329326923076923 0.1502403846153846 0.12740384615384615 0.13221153846153846
0 0.12139423076923077 0.1141826923076923 0.055288461538461536 0.04567307692307692
0 0.07091346153846154 0.03485576923076923 0.026442307692307692 0.06971153846153846
0 0.9663461538461539 0.6706730769230769 0.03365384615384615 0.0673076923076923
0 0.7463942307692307 0.6117788461538461 0.06971153846153846 0.06971153846153846
0 0.9338942307692307 0.6370192307692307 0.11298076923076923 0.11538461538461539
0 0.7920673076923077 0.6057692307692307 0.07451923076923077 0.0625
0 0.39302884615384615 0.5168269230769231 0.0889423076923077 0.11057692307692307
0 0.4338942307692308 0.47475961538461536 0.12259615384615384 0.12740384615384615
0 0.14543269230769232 0.2800480769230769 0.03125 0.026442307692307692