0 0.38822115384615385 0.20192307692307693 0.29086538461538464 0.24519230769230768
0 0.12740384615384615 0.15264423076923078 0.1875 0.2668269230769231
0 0.6201923076923077 0.06850961538461539 0.25 0.13701923076923078
0 0.3088942307692308 0.02403846153846154 0.35336538461538464 0.04807692307692308
0 0.18990384615384615 0.7824519230769231 0.3798076923076923 0.3918269230769231
0 0.057692307692307696 0.6322115384615384 0.11538461538461539 0.35096153846153844
0 0.7235576923076923 0.6189903846153846 0.125 0.1466346153846154
0 0.1658653846153846 0.5240384615384616 0.3317307692307692 0.2548076923076923
0 0.6286057692307693 0.5985576923076923 0.17067307692307693 0.1778846153846154
0 0.890625 0.5853365384615384 0.21394230769230768 0.3581730769230769
0 0.5252403846153846 0.4639423076923077 0.34375 0.3317307692307692
0 0.2091346153846154 0.30649038461538464 0.41346153846153844 0.4206730769230769