0 0.5132211538461539 0.17908653846153846 0.15625 0.13701923076923078
0 0.7091346153846154 0.10336538461538461 0.22596153846153846 0.20673076923076922
0 0.8004807692307693 0.6838942307692307 0.27884615384615385 0.2764423076923077
0 0.9038461538461539 0.5612980769230769 0.1875 0.22355769230769232
0 0.43149038461538464 0.5576923076923077 0.07451923076923077 0.0673076923076923
0 0.4987980769230769 0.5492788461538461 0.07932692307692307 0.07932692307692307
0 0.30288461538461536 0.546875 0.20192307692307693 0.20432692307692307
0 0.8100961538461539 0.5 0.25 0.15865384615384615
0 0.10336538461538461 0.5204326923076923 0.15384615384615385 0.16105769230769232
0 0.5600961538461539 0.4651442307692308 0.20673076923076922 0.18028846153846154
0 0.04447115384615385 0.4266826923076923 0.0889423076923077 0.18028846153846154
0 0.7764423076923077 0.37259615384615385 0.23076923076923078 0.24519230769230768
0 0.6622596153846154 0.30408653846153844 0.1658653846153846 0.1466346153846154
0 0.8737980769230769 0.27163461538461536 0.19951923076923078 0.1778846153846154