0 0.5348557692307693 0.22956730769230768 0.13701923076923078 0.12740384615384615
0 0.6887019230769231 0.14182692307692307 0.19951923076923078 0.20192307692307693
0 0.8161057692307693 0.640625 0.25721153846153844 0.24278846153846154
0 0.9098557692307693 0.5324519230769231 0.17548076923076922 0.21394230769230768
0 0.49038461538461536 0.5588942307692307 0.08173076923076923 0.06971153846153846
0 0.5420673076923077 0.5420673076923077 0.07932692307692307 0.06971153846153846
0 0.37259615384615385 0.5492788461538461 0.18269230769230768 0.19471153846153846
0 0.8112980769230769 0.47716346153846156 0.23317307692307693 0.1658653846153846
0 0.20673076923076922 0.5540865384615384 0.14423076923076922 0.14182692307692307
0 0.5949519230769231 0.4651442307692308 0.18509615384615385 0.17067307692307693
0 0.04567307692307692 0.5348557692307693 0.09134615384615384 0.13221153846153846
0 0.7728365384615384 0.3701923076923077 0.23317307692307693 0.22115384615384615
0 0.09615384615384616 0.4519230769230769 0.19230769230769232 0.2644230769230769
0 0.6610576923076923 0.32091346153846156 0.14903846153846154 0.13221153846153846
0 0.8497596153846154 0.2776442307692308 0.18028846153846154 0.15625