0 0.12379807692307693 0.10096153846153846 0.24759615384615385 0.1346153846153846
0 0.6262019230769231 0.8088942307692307 0.3389423076923077 0.31009615384615385
0 0.13822115384615385 0.18028846153846154 0.2764423076923077 0.25961538461538464
0 0.5324519230769231 0.17668269230769232 0.10336538461538461 0.08413461538461539
0 0.26802884615384615 0.2548076923076923 0.20432692307692307 0.18269230769230768
0 0.08653846153846154 0.3161057692307692 0.17307692307692307 0.17067307692307693
0 0.8990384615384616 0.27884615384615385 0.16826923076923078 0.21634615384615385
0 0.03365384615384615 0.515625 0.0673076923076923 0.17548076923076922
0 0.1875 0.5 0.2403846153846154 0.21153846153846154
0 0.7211538461538461 0.4651442307692308 0.1346153846153846 0.10817307692307693
0 0.9290865384615384 0.4651442307692308 0.13701923076923078 0.16105769230769232
0 0.4795673076923077 0.5420673076923077 0.16105769230769232 0.1466346153846154