0 0.8449519230769231 0.20552884615384615 0.11778846153846154 0.10336538461538461
0 0.8990384615384616 0.25721153846153844 0.1201923076923077 0.09134615384615384
0 0.5552884615384616 0.35096153846153844 0.09615384615384616 0.10096153846153846
0 0.9026442307692307 0.29447115384615385 0.13221153846153846 0.12259615384615384
0 0.8497596153846154 0.3161057692307692 0.09375 0.0985576923076923
0 0.5661057692307693 0.42908653846153844 0.07932692307692307 0.06490384615384616
0 0.9302884615384616 0.34375 0.07692307692307693 0.07692307692307693
0 0.6610576923076923 0.4266826923076923 0.0673076923076923 0.05048076923076923
0 0.9038461538461539 0.41225961538461536 0.11057692307692307 0.0985576923076923
0 0.7704326923076923 0.4495192307692308 0.07451923076923077 0.07211538461538461
0 0.25721153846153844 0.5853365384615384 0.07692307692307693 0.06490384615384616
0 0.9759615384615384 0.4206730769230769 0.04326923076923077 0.08173076923076923
0 0.7367788461538461 0.5516826923076923 0.14182692307692307 0.14182692307692307
0 0.09735576923076923 0.75 0.11778846153846154 0.11057692307692307