0 0.3269230769230769 0.31490384615384615 0.2932692307692308 0.25
0 0.0625 0.33052884615384615 0.125 0.31009615384615385
0 0.5216346153846154 0.08533653846153846 0.23557692307692307 0.17067307692307693
0 0.20192307692307693 0.08052884615384616 0.3605769230769231 0.14182692307692307
0 0.2247596153846154 0.8810096153846154 0.4014423076923077 0.23317307692307693
0 0.08173076923076923 0.8305288461538461 0.1346153846153846 0.31009615384615385
0 0.796875 0.6502403846153846 0.11778846153846154 0.15144230769230768
0 0.18509615384615385 0.6947115384615384 0.3557692307692308 0.2692307692307692
0 0.6790865384615384 0.6418269230769231 0.15144230769230768 0.15384615384615385
0 0.9278846153846154 0.5637019230769231 0.13942307692307693 0.37259615384615385
0 0.5528846153846154 0.5300480769230769 0.3605769230769231 0.3293269230769231
0 0.18509615384615385 0.4543269230769231 0.3701923076923077 0.4326923076923077