0 0.9807692307692307 0.3173076923076923 0.03365384615384615 0.08653846153846154
0 0.03365384615384615 0.7403846153846154 0.0673076923076923 0.1346153846153846
0 0.0889423076923077 0.6694711538461539 0.1201923076923077 0.08413461538461539
0 0.09735576923076923 0.6237980769230769 0.11298076923076923 0.0985576923076923
0 0.15745192307692307 0.6129807692307693 0.07932692307692307 0.08173076923076923
0 0.4543269230769231 0.6394230769230769 0.08653846153846154 0.09134615384615384
0 0.020432692307692308 0.5841346153846154 0.040865384615384616 0.11057692307692307
0 0.4639423076923077 0.5600961538461539 0.07211538461538461 0.052884615384615384
0 0.3641826923076923 0.5444711538461539 0.06490384615384616 0.04567307692307692
0 0.12860576923076922 0.5048076923076923 0.10336538461538461 0.08173076923076923
0 0.04447115384615385 0.47716346153846156 0.055288461538461536 0.08413461538461539
0 0.2608173076923077 0.49158653846153844 0.07451923076923077 0.06971153846153846
0 0.8137019230769231 0.46274038461538464 0.07451923076923077 0.040865384615384616
0 0.3173076923076923 0.4014423076923077 0.13942307692307693 0.1201923076923077