0 0.030048076923076924 0.7752403846153846 0.05048076923076923 0.10336538461538461
0 0.9591346153846154 0.21514423076923078 0.07211538461538461 0.11298076923076923
0 0.9134615384615384 0.2848557692307692 0.1201923076923077 0.07932692307692307
0 0.9158653846153846 0.3293269230769231 0.10096153846153846 0.09134615384615384
0 0.8485576923076923 0.3473557692307692 0.07692307692307693 0.08413461538461539
0 0.9867788461538461 0.3557692307692308 0.021634615384615384 0.09615384615384616
0 0.5396634615384616 0.36177884615384615 0.09375 0.0889423076923077
0 0.5444711538461539 0.44350961538461536 0.06971153846153846 0.05048076923076923
0 0.6466346153846154 0.4483173076923077 0.0673076923076923 0.040865384615384616
0 0.9002403846153846 0.45913461538461536 0.0985576923076923 0.07692307692307693
0 0.9795673076923077 0.4735576923076923 0.036057692307692304 0.08173076923076923
0 0.7608173076923077 0.484375 0.06490384615384616 0.06009615384615385
0 0.18870192307692307 0.59375 0.06971153846153846 0.052884615384615384
0 0.7127403846153846 0.5913461538461539 0.13701923076923078 0.125