0 0.2644230769230769 0.09615384615384616 0.21153846153846154 0.19230769230769232
0 0.5444711538461539 0.09615384615384616 0.3293269230769231 0.19230769230769232
0 0.4230769230769231 0.8545673076923077 0.3942307692307692 0.2860576923076923
0 0.7247596153846154 0.8305288461538461 0.3870192307692308 0.33413461538461536
0 0.5504807692307693 0.6778846153846154 0.3942307692307692 0.24519230769230768
0 0.025240384615384616 0.5757211538461539 0.05048076923076923 0.12259615384615384
0 0.0889423076923077 0.5757211538461539 0.14423076923076922 0.16105769230769232
0 0.21394230769230768 0.5024038461538461 0.3173076923076923 0.2932692307692308
0 0.5504807692307693 0.484375 0.3798076923076923 0.3581730769230769
0 0.7163461538461539 0.3870192307692308 0.28846153846153844 0.28846153846153844
0 0.41586538461538464 0.3329326923076923 0.25961538461538464 0.21394230769230768