0 0.8064903846153846 0.6730769230769231 0.20432692307692307 0.21634615384615385
0 0.5685096153846154 0.7632211538461539 0.3245192307692308 0.29086538461538464
0 0.48197115384615385 0.08653846153846154 0.2860576923076923 0.17307692307692307
0 0.27283653846153844 0.9543269230769231 0.22355769230769232 0.08653846153846154
0 0.24759615384615385 0.16105769230769232 0.3701923076923077 0.2932692307692308
0 0.41947115384615385 0.23197115384615385 0.37740384615384615 0.2764423076923077
0 0.84375 0.1971153846153846 0.12980769230769232 0.1346153846153846
0 0.9098557692307693 0.19110576923076922 0.0889423076923077 0.12259615384615384
0 0.7548076923076923 0.3004807692307692 0.3125 0.30288461538461536
0 0.46274038461538464 0.38221153846153844 0.37740384615384615 0.36538461538461536
0 0.34134615384615385 0.5204326923076923 0.2932692307692308 0.2860576923076923
0 0.036057692307692304 0.5913461538461539 0.07211538461538461 0.11057692307692307
0 0.6177884615384616 0.4891826923076923 0.25 0.23317307692307693