0 0.04447115384615385 0.234375 0.06971153846153846 0.09375
0 0.9326923076923077 0.7548076923076923 0.1201923076923077 0.125
0 0.8617788461538461 0.671875 0.11298076923076923 0.06971153846153846
0 0.8677884615384616 0.6286057692307693 0.09134615384615384 0.0889423076923077
0 0.8064903846153846 0.6177884615384616 0.06971153846153846 0.07211538461538461
0 0.5264423076923077 0.6021634615384616 0.08173076923076923 0.07932692307692307
0 0.9627403846153846 0.6069711538461539 0.06971153846153846 0.09375
0 0.5288461538461539 0.5276442307692307 0.0673076923076923 0.04567307692307692
0 0.625 0.5204326923076923 0.057692307692307696 0.036057692307692304
0 0.8509615384615384 0.5144230769230769 0.09615384615384616 0.07692307692307693
0 0.9350961538461539 0.5012019230769231 0.04807692307692308 0.07451923076923077
0 0.7271634615384616 0.4879807692307692 0.06490384615384616 0.057692307692307696
0 0.2091346153846154 0.3918269230769231 0.0673076923076923 0.04326923076923077
0 0.6838942307692307 0.3954326923076923 0.12259615384615384 0.10817307692307693