0 0.28846153846153844 0.7596153846153846 0.1875 0.1971153846153846
0 0.53125 0.7560096153846154 0.30288461538461536 0.2764423076923077
0 0.3389423076923077 0.09735576923076923 0.27884615384615385 0.19471153846153846
0 0.8822115384615384 0.8605769230769231 0.20192307692307693 0.1778846153846154
0 0.59375 0.109375 0.32211538461538464 0.21875
0 0.45913461538461536 0.22235576923076922 0.33653846153846156 0.2283653846153846
0 0.45913461538461536 0.23076923076923078 0.34615384615384615 0.24519230769230768
0 0.07572115384615384 0.3581730769230769 0.12740384615384615 0.1201923076923077
0 0.027644230769230768 0.38341346153846156 0.055288461538461536 0.11778846153846154
0 0.19230769230769232 0.4170673076923077 0.2932692307692308 0.2956730769230769
0 0.4831730769230769 0.3918269230769231 0.36538461538461536 0.3605769230769231
0 0.6442307692307693 0.44350961538461536 0.2644230769230769 0.25721153846153844
0 0.9507211538461539 0.39302884615384615 0.0889423076923077 0.09375
0 0.38100961538461536 0.5288461538461539 0.2283653846153846 0.21634615384615385