0 0.12379807692307693 0.18028846153846154 0.24759615384615385 0.25
0 0.5805288461538461 0.8954326923076923 0.2860576923076923 0.20432692307692307
0 0.8810096153846154 0.7716346153846154 0.11298076923076923 0.11538461538461539
0 0.953125 0.75 0.0889423076923077 0.10096153846153846
0 0.7860576923076923 0.7355769230769231 0.2403846153846154 0.23557692307692307
0 0.9795673076923077 0.6586538461538461 0.036057692307692304 0.1971153846153846
0 0.546875 0.7680288461538461 0.30528846153846156 0.29086538461538464
0 0.4254807692307692 0.7115384615384616 0.21634615384615385 0.21153846153846154
0 0.6201923076923077 0.6442307692307693 0.21153846153846154 0.19230769230769232
0 0.6850961538461539 0.9447115384615384 0.1875 0.08653846153846154
0 0.6983173076923077 0.45552884615384615 0.15625 0.17067307692307693
0 0.5036057692307693 0.47836538461538464 0.24278846153846154 0.22115384615384615
0 0.49399038461538464 0.9483173076923077 0.2091346153846154 0.0985576923076923
0 0.02283653846153846 0.47716346153846156 0.04567307692307692 0.0985576923076923
0 0.21754807692307693 0.40024038461538464 0.18509615384615385 0.17548076923076922