0 0.4963942307692308 0.7103365384615384 0.23317307692307693 0.19951923076923078
0 0.9759615384615384 0.8629807692307693 0.014423076923076924 0.11057692307692307
0 0.7596153846153846 0.8713942307692307 0.16346153846153846 0.13701923076923078
0 0.46153846153846156 0.109375 0.2932692307692308 0.21875
0 0.6754807692307693 0.16947115384615385 0.2692307692307692 0.23317307692307693
0 0.5444711538461539 0.265625 0.2668269230769231 0.17067307692307693
0 0.20072115384615385 0.2920673076923077 0.0985576923076923 0.0985576923076923
0 0.13822115384615385 0.28846153846153844 0.07451923076923077 0.08173076923076923
0 0.2860576923076923 0.36658653846153844 0.23076923076923078 0.21875
0 0.046875 0.3629807692307692 0.0889423076923077 0.1778846153846154
0 0.5300480769230769 0.40384615384615385 0.2668269230769231 0.2644230769230769
0 0.6490384615384616 0.484375 0.21153846153846154 0.19471153846153846
0 0.9278846153846154 0.5048076923076923 0.10576923076923077 0.08653846153846154
0 0.4230769230769231 0.5048076923076923 0.18269230769230768 0.16826923076923078
0 0.29447115384615385 0.6694711538461539 0.13701923076923078 0.1658653846153846