0 0.055288461538461536 0.6598557692307693 0.11057692307692307 0.09375
0 0.039663461538461536 0.59375 0.07932692307692307 0.07692307692307693
0 0.38221153846153844 0.6153846153846154 0.08653846153846154 0.09134615384615384
0 0.04567307692307692 0.5552884615384616 0.09134615384615384 0.11057692307692307
0 0.08533653846153846 0.5504807692307693 0.08413461538461539 0.09134615384615384
0 0.3954326923076923 0.5336538461538461 0.07451923076923077 0.057692307692307696
0 0.026442307692307692 0.49759615384615385 0.052884615384615384 0.07211538461538461
0 0.30288461538461536 0.5072115384615384 0.0625 0.04326923076923077
0 0.06610576923076923 0.4411057692307692 0.10336538461538461 0.0889423076923077
0 0.20673076923076922 0.44591346153846156 0.0673076923076923 0.06490384615384616
0 0.7475961538461539 0.48677884615384615 0.07211538461538461 0.055288461538461536
0 0.27163461538461536 0.3605769230769231 0.12980769230769232 0.12980769230769232
0 0.9483173076923077 0.38100961538461536 0.0985576923076923 0.10336538461538461