0 0.6911057692307693 0.7103365384615384 0.24278846153846154 0.19951923076923078
0 0.9182692307692307 0.6959134615384616 0.15865384615384615 0.24278846153846154
0 0.5276442307692307 0.90625 0.2091346153846154 0.18269230769230768
0 0.7860576923076923 0.9074519230769231 0.2932692307692308 0.1658653846153846
0 0.765625 0.17908653846153846 0.37259615384615385 0.3581730769230769
0 0.9110576923076923 0.2824519230769231 0.16346153846153846 0.2860576923076923
0 0.3293269230769231 0.43509615384615385 0.08653846153846154 0.10576923076923077
0 0.8305288461538461 0.3942307692307692 0.33413461538461536 0.20673076923076922
0 0.41346153846153844 0.43028846153846156 0.11538461538461539 0.11057692307692307
0 0.14903846153846154 0.49399038461538464 0.2644230769230769 0.29086538461538464
0 0.5120192307692307 0.5276442307692307 0.27884615384615385 0.2668269230769231
0 0.828125 0.5817307692307693 0.31971153846153844 0.32211538461538464