0 0.234375 0.11899038461538461 0.19951923076923078 0.21394230769230768
0 0.5024038461538461 0.11298076923076923 0.3173076923076923 0.22596153846153846
0 0.38461538461538464 0.8605769230769231 0.3798076923076923 0.27403846153846156
0 0.671875 0.8377403846153846 0.36778846153846156 0.31971153846153844
0 0.5048076923076923 0.6911057692307693 0.375 0.23317307692307693
0 0.013221153846153846 0.59375 0.026442307692307692 0.1201923076923077
0 0.06850961538461539 0.5925480769230769 0.13701923076923078 0.15625
0 0.18269230769230768 0.5228365384615384 0.30288461538461536 0.28125
0 0.5072115384615384 0.5060096153846154 0.3605769230769231 0.34375
0 0.6646634615384616 0.41346153846153844 0.2764423076923077 0.27403846153846156
0 0.3762019230769231 0.3605769230769231 0.24759615384615385 0.20673076923076922