0 0.3293269230769231 0.3137019230769231 0.28846153846153844 0.24759615384615385
0 0.06850961538461539 0.33413461538461536 0.13701923076923078 0.30288461538461536
0 0.515625 0.08533653846153846 0.23317307692307693 0.17067307692307693
0 0.20552884615384615 0.08653846153846154 0.35336538461538464 0.14903846153846154
0 0.23197115384615385 0.8737980769230769 0.4110576923076923 0.24759615384615385
0 0.09134615384615384 0.8221153846153846 0.14903846153846154 0.30288461538461536
0 0.7944711538461539 0.6322115384615384 0.11778846153846154 0.14903846153846154
0 0.18990384615384615 0.6850961538461539 0.36538461538461536 0.2692307692307692
0 0.6778846153846154 0.6262019230769231 0.14903846153846154 0.15144230769230768
0 0.9230769230769231 0.5456730769230769 0.14903846153846154 0.36538461538461536
0 0.5528846153846154 0.5204326923076923 0.3557692307692308 0.3245192307692308
0 0.18870192307692307 0.45072115384615385 0.37740384615384615 0.43028846153846156