0 0.2932692307692308 0.15144230769230768 0.21634615384615385 0.19230769230769232
0 0.2824519230769231 0.8942307692307693 0.3004807692307692 0.1875
0 0.4230769230769231 0.8677884615384616 0.34134615384615385 0.2403846153846154
0 0.8197115384615384 0.8942307692307693 0.1346153846153846 0.12980769230769232
0 0.8918269230769231 0.9038461538461539 0.08173076923076923 0.11057692307692307
0 0.7331730769230769 0.8040865384615384 0.2932692307692308 0.2764423076923077
0 0.4699519230769231 0.7103365384615384 0.3485576923076923 0.3485576923076923
0 0.3557692307692308 0.6069711538461539 0.2644230769230769 0.25240384615384615
0 0.055288461538461536 0.53125 0.11057692307692307 0.10096153846153846
0 0.5973557692307693 0.6129807692307693 0.25721153846153844 0.22115384615384615
0 0.5036057692307693 0.9639423076923077 0.22355769230769232 0.0673076923076923
0 0.7836538461538461 0.4579326923076923 0.18269230769230768 0.19951923076923078
0 0.5709134615384616 0.3713942307692308 0.30528846153846156 0.2860576923076923