0 0.15264423076923078 0.11538461538461539 0.25721153846153844 0.17307692307692307
0 0.6370192307692307 0.8064903846153846 0.3173076923076923 0.29086538461538464
0 0.027644230769230768 0.22115384615384615 0.055288461538461536 0.13942307692307693
0 0.17067307692307693 0.21634615384615385 0.27403846153846156 0.2403846153846154
0 0.5504807692307693 0.2127403846153846 0.09615384615384616 0.07932692307692307
0 0.3004807692307692 0.2860576923076923 0.19230769230769232 0.17307692307692307
0 0.11778846153846154 0.34375 0.1875 0.15865384615384615
0 0.21995192307692307 0.06490384615384616 0.17067307692307693 0.08173076923076923
0 0.9026442307692307 0.30528846153846156 0.17067307692307693 0.20673076923076922
0 0.056490384615384616 0.5336538461538461 0.11298076923076923 0.17307692307692307
0 0.22596153846153846 0.5180288461538461 0.22596153846153846 0.19951923076923078
0 0.7259615384615384 0.4855769230769231 0.125 0.10096153846153846
0 0.9278846153846154 0.48197115384615385 0.13942307692307693 0.15625
0 0.4987980769230769 0.5564903846153846 0.15144230769230768 0.13701923076923078