0 0.9483173076923077 0.3870192307692308 0.0985576923076923 0.10096153846153846
0 0.59375 0.38341346153846156 0.08173076923076923 0.0985576923076923
0 0.9555288461538461 0.4795673076923077 0.08413461538461539 0.14182692307692307
0 0.9459134615384616 0.49759615384615385 0.10336538461538461 0.11057692307692307
0 0.5685096153846154 0.45552884615384615 0.06971153846153846 0.06009615384615385
0 0.9014423076923077 0.49038461538461536 0.0673076923076923 0.09134615384615384
0 0.19831730769230768 0.45552884615384615 0.06490384615384616 0.05048076923076923
0 0.65625 0.5036057692307693 0.0625 0.040865384615384616
0 0.9651442307692307 0.5649038461538461 0.06490384615384616 0.0673076923076923
0 0.7451923076923077 0.5841346153846154 0.07211538461538461 0.07211538461538461
0 0.9038461538461539 0.6081730769230769 0.11538461538461539 0.10096153846153846
0 0.013221153846153846 0.53125 0.026442307692307692 0.07692307692307693
0 0.9735576923076923 0.6658653846153846 0.03365384615384615 0.08653846153846154
0 0.65625 0.6538461538461539 0.1346153846153846 0.12980769230769232