0 0.07932692307692307 0.7307692307692307 0.10096153846153846 0.10576923076923077
0 0.4110576923076923 0.6346153846153846 0.09134615384615384 0.10576923076923077
0 0.056490384615384616 0.6742788461538461 0.07451923076923077 0.07932692307692307
0 0.051682692307692304 0.6310096153846154 0.08413461538461539 0.11298076923076923
0 0.10096153846153846 0.6177884615384616 0.08173076923076923 0.09134615384615384
0 0.41586538461538464 0.5552884615384616 0.0673076923076923 0.07211538461538461
0 0.31850961538461536 0.5396634615384616 0.06490384615384616 0.04567307692307692
0 0.7548076923076923 0.4579326923076923 0.07211538461538461 0.055288461538461536
0 0.028846153846153848 0.5709134615384616 0.057692307692307696 0.07451923076923077
0 0.21394230769230768 0.49278846153846156 0.07692307692307693 0.07692307692307693
0 0.0673076923076923 0.5132211538461539 0.11057692307692307 0.10336538461538461
0 0.9314903846153846 0.3269230769230769 0.0985576923076923 0.09615384615384616
0 0.006009615384615385 0.4831730769230769 0.01201923076923077 0.08653846153846154
0 0.27524038461538464 0.4014423076923077 0.13221153846153846 0.1346153846153846