0 0.9278846153846154 0.6694711538461539 0.125 0.0985576923076923
0 0.5625 0.6033653846153846 0.08173076923076923 0.10096153846153846
0 0.9483173076923077 0.578125 0.0985576923076923 0.14182692307692307
0 0.9399038461538461 0.5600961538461539 0.11538461538461539 0.11057692307692307
0 0.5516826923076923 0.5264423076923077 0.06971153846153846 0.057692307692307696
0 0.8858173076923077 0.5552884615384616 0.06490384615384616 0.09134615384615384
0 0.18629807692307693 0.4567307692307692 0.06490384615384616 0.04807692307692308
0 0.6490384615384616 0.4963942307692308 0.0625 0.040865384615384616
0 0.9651442307692307 0.49399038461538464 0.06490384615384616 0.06971153846153846
0 0.75 0.4326923076923077 0.07211538461538461 0.07211538461538461
0 0.9134615384615384 0.43990384615384615 0.11538461538461539 0.10096153846153846
0 0.9855769230769231 0.39663461538461536 0.02403846153846154 0.09134615384615384
0 0.6778846153846154 0.3449519230769231 0.1346153846153846 0.12740384615384615