0 0.5324519230769231 0.7548076923076923 0.2620192307692308 0.22596153846153846
0 0.2548076923076923 0.8197115384615384 0.2932692307692308 0.27403846153846156
0 0.7331730769230769 0.8918269230769231 0.20192307692307693 0.16826923076923078
0 0.47716346153846156 0.9423076923076923 0.30528846153846156 0.11057692307692307
0 0.33774038461538464 0.2668269230769231 0.4206730769230769 0.3942307692307692
0 0.1502403846153846 0.41947115384615385 0.3004807692307692 0.35336538461538464
0 0.30528846153846156 0.49038461538461536 0.3557692307692308 0.2644230769230769
0 0.8149038461538461 0.4026442307692308 0.10576923076923077 0.13701923076923078
0 0.7295673076923077 0.42427884615384615 0.13221153846153846 0.12740384615384615
0 0.9302884615384616 0.45552884615384615 0.1346153846153846 0.24278846153846154
0 0.6490384615384616 0.5396634615384616 0.3076923076923077 0.2956730769230769
0 0.3798076923076923 0.6694711538461539 0.3701923076923077 0.37740384615384615