0 0.039663461538461536 0.625 0.07932692307692307 0.10096153846153846
0 0.3894230769230769 0.6274038461538461 0.08173076923076923 0.09134615384615384
0 0.03245192307692308 0.5516826923076923 0.06490384615384616 0.07932692307692307
0 0.042067307692307696 0.5204326923076923 0.08413461538461539 0.10817307692307693
0 0.4182692307692308 0.5552884615384616 0.0673076923076923 0.057692307692307696
0 0.09254807692307693 0.5216346153846154 0.06490384615384616 0.08173076923076923
0 0.7752403846153846 0.5600961538461539 0.06490384615384616 0.052884615384615384
0 0.3317307692307692 0.5072115384615384 0.0625 0.04326923076923077
0 0.026442307692307692 0.4483173076923077 0.052884615384615384 0.06490384615384616
0 0.2439903846153846 0.4326923076923077 0.06971153846153846 0.07211538461538461
0 0.08533653846153846 0.4050480769230769 0.11298076923076923 0.0985576923076923
0 0.9699519230769231 0.4951923076923077 0.055288461538461536 0.08173076923076923
0 0.02283653846153846 0.35697115384615385 0.026442307692307692 0.07932692307692307
0 0.33052884615384615 0.36899038461538464 0.13221153846153846 0.12259615384615384