0 0.49278846153846156 0.203125 0.1778846153846154 0.16105769230769232
0 0.6730769230769231 0.10697115384615384 0.25961538461538464 0.21394230769230768
0 0.8521634615384616 0.6586538461538461 0.29086538461538464 0.32211538461538464
0 0.9194711538461539 0.5216346153846154 0.15625 0.24519230769230768
0 0.47716346153846156 0.5973557692307693 0.08413461538461539 0.07932692307692307
0 0.5432692307692307 0.5769230769230769 0.09134615384615384 0.09134615384615384
0 0.3449519230769231 0.6081730769230769 0.23317307692307693 0.23557692307692307
0 0.8449519230769231 0.47475961538461536 0.27163461538461536 0.19951923076923078
0 0.14182692307692307 0.6189903846153846 0.1778846153846154 0.18509615384615385
0 0.5877403846153846 0.48197115384615385 0.23317307692307693 0.21394230769230768
0 0.0625 0.5396634615384616 0.125 0.19471153846153846
0 0.7908653846153846 0.34975961538461536 0.2692307692307692 0.28125
0 0.6634615384615384 0.3004807692307692 0.1875 0.17307692307692307
0 0.8581730769230769 0.234375 0.20673076923076922 0.2091346153846154