0 0.9747596153846154 0.7704326923076923 0.03125 0.06971153846153846
0 0.037259615384615384 0.22956730769230768 0.055288461538461536 0.13701923076923078
0 0.1310096153846154 0.25961538461538464 0.13221153846153846 0.09134615384615384
0 0.0829326923076923 0.3173076923076923 0.13221153846153846 0.07692307692307693
0 0.09495192307692307 0.3629807692307692 0.12740384615384615 0.11057692307692307
0 0.46033653846153844 0.38100961538461536 0.09375 0.0985576923076923
0 0.14302884615384615 0.38100961538461536 0.07932692307692307 0.08413461538461539
0 0.015625 0.3918269230769231 0.026442307692307692 0.09615384615384616
0 0.0625 0.41466346153846156 0.0673076923076923 0.06490384615384616
0 0.4639423076923077 0.46634615384615385 0.07692307692307693 0.0625
0 0.3605769230769231 0.4723557692307692 0.0673076923076923 0.04567307692307692
0 0.1045673076923077 0.49038461538461536 0.10817307692307693 0.09134615384615384
0 0.24519230769230768 0.5144230769230769 0.07211538461538461 0.0625
0 0.020432692307692308 0.5096153846153846 0.040865384615384616 0.08653846153846154
0 0.8233173076923077 0.6045673076923077 0.07451923076923077 0.05048076923076923
0 0.29086538461538464 0.6189903846153846 0.1346153846153846 0.12740384615384615