0 0.7740384615384616 0.7247596153846154 0.16826923076923078 0.18028846153846154
0 0.5240384615384616 0.765625 0.27884615384615385 0.24278846153846154
0 0.6021634615384616 0.06850961538461539 0.27163461538461536 0.13701923076923078
0 0.18509615384615385 0.9254807692307693 0.1875 0.13942307692307693
0 0.33774038461538464 0.10216346153846154 0.3004807692307692 0.20432692307692307
0 0.5012019230769231 0.20552884615384615 0.3245192307692308 0.18509615384615385
0 0.5024038461538461 0.21634615384615385 0.3317307692307692 0.20192307692307693
0 0.9194711538461539 0.2764423076923077 0.11778846153846154 0.10576923076923077
0 0.9747596153846154 0.28966346153846156 0.04567307692307692 0.10817307692307693
0 0.8100961538461539 0.35697115384615385 0.2644230769230769 0.2668269230769231
0 0.5084134615384616 0.38341346153846156 0.3293269230769231 0.3245192307692308
0 0.35336538461538464 0.46634615384615385 0.2403846153846154 0.23076923076923078
0 0.03485576923076923 0.4675480769230769 0.06971153846153846 0.0889423076923077
0 0.6370192307692307 0.5072115384615384 0.20673076923076922 0.19230769230769232