0 0.7283653846153846 0.6706730769230769 0.2932692307692308 0.2644230769230769
0 0.43990384615384615 0.7403846153846154 0.25 0.22115384615384615
0 0.31009615384615385 0.9399038461538461 0.1971153846153846 0.11538461538461539
0 0.5733173076923077 0.9254807692307693 0.31009615384615385 0.14423076923076922
0 0.4050480769230769 0.20673076923076922 0.39663461538461536 0.36538461538461536
0 0.7007211538461539 0.2548076923076923 0.36778846153846156 0.3269230769230769
0 0.5492788461538461 0.41346153846153844 0.37259615384615385 0.2548076923076923
0 0.11899038461538461 0.5240384615384616 0.13221153846153846 0.125
0 0.04567307692307692 0.5372596153846154 0.09134615384615384 0.11778846153846154
0 0.2439903846153846 0.5961538461538461 0.31490384615384615 0.30288461538461536
0 0.5612980769230769 0.5985576923076923 0.38221153846153844 0.375