0 0.39302884615384615 0.703125 0.27163461538461536 0.24278846153846154
0 0.11538461538461539 0.6586538461538461 0.23076923076923078 0.30288461538461536
0 0.53125 0.9194711538461539 0.23076923076923078 0.15625
0 0.24158653846153846 0.9014423076923077 0.3293269230769231 0.16826923076923078
0 0.3942307692307692 0.16466346153846154 0.4375 0.3293269230769231
0 0.16947115384615385 0.20192307692307693 0.29086538461538464 0.34134615384615385
0 0.26322115384615385 0.3581730769230769 0.3870192307692308 0.2644230769230769
0 0.7247596153846154 0.4495192307692308 0.12740384615384615 0.14423076923076922
0 0.8161057692307693 0.47475961538461536 0.11778846153846154 0.13221153846153846
0 0.9206730769230769 0.5901442307692307 0.15384615384615385 0.2668269230769231
0 0.59375 0.5408653846153846 0.32211538461538464 0.2980769230769231
0 0.2668269230769231 0.5372596153846154 0.38461538461538464 0.3389423076923077