0 0.7163461538461539 0.3137019230769231 0.057692307692307696 0.04567307692307692
0 0.7980769230769231 0.3161057692307692 0.0673076923076923 0.07932692307692307
0 0.3401442307692308 0.6911057692307693 0.07932692307692307 0.08413461538461539
0 0.040865384615384616 0.6526442307692307 0.057692307692307696 0.055288461538461536
0 0.015625 0.6358173076923077 0.03125 0.055288461538461536
0 0.31009615384615385 0.6430288461538461 0.08173076923076923 0.0985576923076923
0 0.6418269230769231 0.48197115384615385 0.04326923076923077 0.04567307692307692
0 0.4543269230769231 0.43028846153846156 0.11057692307692307 0.11538461538461539
0 0.6538461538461539 0.45072115384615385 0.04807692307692308 0.040865384615384616
0 0.7319711538461539 0.4026442307692308 0.07451923076923077 0.09375
0 0.7872596153846154 0.39903846153846156 0.07451923076923077 0.07211538461538461