0 0.44591346153846156 0.27163461538461536 0.28125 0.25
0 0.14423076923076922 0.21875 0.25 0.3076923076923077
0 0.6598557692307693 0.09134615384615384 0.23317307692307693 0.17307692307692307
0 0.35697115384615385 0.054086538461538464 0.34375 0.10817307692307693
0 0.265625 0.8197115384615384 0.4495192307692308 0.35096153846153844
0 0.10336538461538461 0.7067307692307693 0.20673076923076922 0.35096153846153844
0 0.203125 0.5757211538461539 0.40625 0.2668269230769231
0 0.6983173076923077 0.6370192307692307 0.13221153846153846 0.14903846153846154
0 0.796875 0.6394230769230769 0.12259615384615384 0.13942307692307693
0 0.9302884615384616 0.5612980769230769 0.1346153846153846 0.2764423076923077
0 0.5973557692307693 0.5024038461538461 0.33413461538461536 0.3076923076923077
0 0.2644230769230769 0.40024038461538464 0.39903846153846156 0.3485576923076923