0 0.22716346153846154 0.7824519230769231 0.18990384615384615 0.20432692307692307
0 0.5 0.8149038461538461 0.3125 0.2644230769230769
0 0.4098557692307692 0.07932692307692307 0.28125 0.15865384615384615
0 0.8653846153846154 0.9507211538461539 0.21634615384615385 0.08413461538461539
0 0.6766826923076923 0.11899038461538461 0.3629807692307692 0.23798076923076922
0 0.515625 0.22355769230769232 0.37259615384615385 0.2403846153846154
0 0.0673076923076923 0.296875 0.1201923076923077 0.12740384615384615
0 0.016826923076923076 0.3088942307692308 0.03365384615384615 0.12259615384615384
0 0.18509615384615385 0.38341346153846156 0.2932692307692308 0.28125
0 0.5096153846153846 0.3942307692307692 0.3557692307692308 0.33653846153846156
0 0.6730769230769231 0.5060096153846154 0.27403846153846156 0.2668269230769231
0 0.9867788461538461 0.4987980769230769 0.021634615384615384 0.10817307692307693
0 0.3762019230769231 0.5444711538461539 0.23798076923076922 0.21394230769230768