0 0.31850961538461536 0.8822115384615384 0.21394230769230768 0.23076923076923078
0 0.5925480769230769 0.8617788461538461 0.34375 0.27163461538461536
0 0.4050480769230769 0.12620192307692307 0.3245192307692308 0.25240384615384615
0 0.6670673076923077 0.1466346153846154 0.4014423076923077 0.2932692307692308
0 0.5252403846153846 0.2764423076923077 0.39663461538461536 0.27403846153846156
0 0.08774038461538461 0.42427884615384615 0.13701923076923078 0.15625
0 0.03365384615384615 0.4411057692307692 0.0673076923076923 0.14182692307692307
0 0.22115384615384615 0.4831730769230769 0.34615384615384615 0.3317307692307692
0 0.546875 0.4675480769230769 0.3918269230769231 0.38221153846153844
0 0.7295673076923077 0.5300480769230769 0.31490384615384615 0.2956730769230769
0 0.4338942307692308 0.6225961538461539 0.2668269230769231 0.23076923076923078