0 0.5276442307692307 0.22355769230769232 0.25721153846153844 0.21153846153846154
0 0.828125 0.19110576923076922 0.2860576923076923 0.2620192307692308
0 0.33653846153846156 0.06971153846153846 0.1971153846153846 0.125
0 0.6129807692307693 0.037259615384615384 0.3125 0.07451923076923077
0 0.6706730769230769 0.7572115384615384 0.40865384615384615 0.3798076923076923
0 0.8701923076923077 0.6310096153846154 0.2548076923076923 0.3293269230769231
0 0.7319711538461539 0.5300480769230769 0.3581730769230769 0.24278846153846154
0 0.18870192307692307 0.5540865384615384 0.0985576923076923 0.13701923076923078
0 0.28125 0.5432692307692307 0.125 0.1201923076923077
0 0.06610576923076923 0.48197115384615385 0.13221153846153846 0.24759615384615385
0 0.38221153846153844 0.4326923076923077 0.2980769230769231 0.28365384615384615
0 0.6778846153846154 0.3317307692307692 0.3557692307692308 0.36538461538461536