0 0.8401442307692307 0.21875 0.21875 0.23076923076923078
0 0.6021634615384616 0.13221153846153846 0.33413461538461536 0.2644230769230769
0 0.48197115384615385 0.8449519230769231 0.4014423076923077 0.30528846153846156
0 0.22956730769230768 0.7403846153846154 0.3918269230769231 0.3557692307692308
0 0.4254807692307692 0.6574519230769231 0.38461538461538464 0.2764423076923077
0 0.9266826923076923 0.7211538461538461 0.0889423076923077 0.1201923076923077
0 0.8557692307692307 0.6983173076923077 0.15384615384615385 0.1658653846153846
0 0.7680288461538461 0.6009615384615384 0.3245192307692308 0.3076923076923077
0 0.47836538461538464 0.4879807692307692 0.3894230769230769 0.375
0 0.36177884615384615 0.3581730769230769 0.3004807692307692 0.2980769230769231
0 0.640625 0.39663461538461536 0.2620192307692308 0.23076923076923078