0 0.9543269230769231 0.6358173076923077 0.08653846153846154 0.10336538461538461
0 0.9675480769230769 0.5685096153846154 0.06009615384615385 0.08413461538461539
0 0.6394230769230769 0.6262019230769231 0.09615384615384616 0.0985576923076923
0 0.9579326923076923 0.5300480769230769 0.07932692307692307 0.11778846153846154
0 0.9278846153846154 0.53125 0.09134615384615384 0.09615384615384616
0 0.6165865384615384 0.546875 0.07932692307692307 0.06490384615384616
0 0.9747596153846154 0.4699519230769231 0.04567307692307692 0.07451923076923077
0 0.7067307692307693 0.5096153846153846 0.0673076923076923 0.04807692307692308
0 0.9375 0.41947115384615385 0.11057692307692307 0.0985576923076923
0 0.796875 0.43990384615384615 0.07451923076923077 0.07211538461538461
0 0.2620192307692308 0.5360576923076923 0.07692307692307693 0.0625
0 0.7223557692307693 0.36177884615384615 0.14182692307692307 0.14182692307692307
0 0.04927884615384615 0.453125 0.0985576923076923 0.10817307692307693