0 0.046875 0.40865384615384615 0.09375 0.10576923076923077
0 0.036057692307692304 0.47115384615384615 0.07211538461538461 0.08653846153846154
0 0.38341346153846156 0.4182692307692308 0.09375 0.10576923076923077
0 0.04447115384615385 0.515625 0.0889423076923077 0.12259615384615384
0 0.0829326923076923 0.5144230769230769 0.0889423076923077 0.08653846153846154
0 0.40625 0.4891826923076923 0.07211538461538461 0.06009615384615385
0 0.027644230769230768 0.5637019230769231 0.055288461538461536 0.07932692307692307
0 0.31490384615384615 0.5372596153846154 0.0625 0.04567307692307692
0 0.7632211538461539 0.5 0.06971153846153846 0.052884615384615384
0 0.07692307692307693 0.6274038461538461 0.11538461538461539 0.10096153846153846
0 0.22355769230769232 0.6069711538461539 0.08173076923076923 0.07932692307692307
0 0.3004807692307692 0.6850961538461539 0.13942307692307693 0.1346153846153846
0 0.9627403846153846 0.5853365384615384 0.06971153846153846 0.0985576923076923