0 0.08173076923076923 0.16947115384615385 0.0673076923076923 0.08413461538461539
0 0.8846153846153846 0.8389423076923077 0.1346153846153846 0.13942307692307693
0 0.8245192307692307 0.7487980769230769 0.1201923076923077 0.0889423076923077
0 0.8293269230769231 0.7055288461538461 0.11538461538461539 0.10336538461538461
0 0.7788461538461539 0.6790865384615384 0.08173076923076923 0.08413461538461539
0 0.4951923076923077 0.6189903846153846 0.09134615384615384 0.09375
0 0.9350961538461539 0.6947115384615384 0.09134615384615384 0.11057692307692307
0 0.5084134615384616 0.5420673076923077 0.07451923076923077 0.055288461538461536
0 0.6045673076923077 0.5576923076923077 0.06490384615384616 0.04807692307692308
0 0.8365384615384616 0.5877403846153846 0.10576923076923077 0.08413461538461539
0 0.9194711538461539 0.5841346153846154 0.06009615384615385 0.08653846153846154
0 0.7163461538461539 0.5360576923076923 0.07692307692307693 0.07211538461538461
0 0.2127403846153846 0.35216346153846156 0.07451923076923077 0.04567307692307692
0 0.6911057692307693 0.4362980769230769 0.14182692307692307 0.12740384615384615