0 0.06129807692307692 0.36778846153846156 0.12259615384615384 0.1201923076923077
0 0.04567307692307692 0.4326923076923077 0.09134615384615384 0.09615384615384616
0 0.39783653846153844 0.38341346153846156 0.10336538461538461 0.10336538461538461
0 0.054086538461538464 0.4735576923076923 0.10817307692307693 0.1201923076923077
0 0.09975961538461539 0.46875 0.08413461538461539 0.09134615384615384
0 0.038461538461538464 0.5348557692307693 0.07692307692307693 0.08413461538461539
0 0.41947115384615385 0.4579326923076923 0.07932692307692307 0.06490384615384616
0 0.3293269230769231 0.5012019230769231 0.0673076923076923 0.055288461538461536
0 0.09375 0.5925480769230769 0.1201923076923077 0.10817307692307693
0 0.23317307692307693 0.5697115384615384 0.07692307692307693 0.07692307692307693
0 0.030048076923076924 0.6298076923076923 0.040865384615384616 0.08653846153846154
0 0.7920673076923077 0.47716346153846156 0.07932692307692307 0.06490384615384616
0 0.31009615384615385 0.6466346153846154 0.15384615384615385 0.13942307692307693
0 0.9711538461538461 0.5733173076923077 0.052884615384615384 0.10336538461538461