0 0.27403846153846156 0.25 0.18269230769230768 0.19230769230769232
0 0.5276442307692307 0.22956730769230768 0.2956730769230769 0.25240384615384615
0 0.42427884615384615 0.9122596153846154 0.2668269230769231 0.17067307692307693
0 0.8713942307692307 0.0889423076923077 0.20432692307692307 0.13942307692307693
0 0.6682692307692307 0.8810096153846154 0.34615384615384615 0.23317307692307693
0 0.5240384615384616 0.7752403846153846 0.35096153846153844 0.23317307692307693
0 0.11298076923076923 0.6923076923076923 0.11538461538461539 0.1201923076923077
0 0.04326923076923077 0.6790865384615384 0.08653846153846154 0.11778846153846154
0 0.22355769230769232 0.6165865384615384 0.27884615384615385 0.2668269230769231
0 0.5252403846153846 0.6201923076923077 0.3389423076923077 0.32211538461538464
0 0.6790865384615384 0.5192307692307693 0.2620192307692308 0.2548076923076923
0 0.9771634615384616 0.5384615384615384 0.040865384615384616 0.10096153846153846
0 0.40625 0.47716346153846156 0.22596153846153846 0.20432692307692307