0 0.44591346153846156 0.2980769230769231 0.2283653846153846 0.22115384615384615
0 0.8762019230769231 0.0829326923076923 0.09375 0.0985576923076923
0 0.6478365384615384 0.1201923076923077 0.16105769230769232 0.15384615384615385
0 0.5120192307692307 0.8581730769230769 0.2932692307692308 0.2692307692307692
0 0.6706730769230769 0.7572115384615384 0.23076923076923078 0.23557692307692307
0 0.5600961538461539 0.6814903846153846 0.2644230769230769 0.18028846153846154
0 0.25841346153846156 0.7067307692307693 0.10336538461538461 0.10096153846153846
0 0.19831730769230768 0.7211538461538461 0.08413461538461539 0.09134615384615384
0 0.3173076923076923 0.640625 0.22115384615384615 0.22355769230769232
0 0.09134615384615384 0.6887019230769231 0.15384615384615385 0.2091346153846154
0 0.5276442307692307 0.5661057692307693 0.27163461538461536 0.2668269230769231
0 0.6153846153846154 0.4735576923076923 0.21153846153846154 0.20192307692307693
0 0.8605769230769231 0.41466346153846156 0.10096153846153846 0.0985576923076923
0 0.41586538461538464 0.4963942307692308 0.1778846153846154 0.16105769230769232
0 0.2776442307692308 0.3701923076923077 0.15625 0.15865384615384615