0 0.046875 0.38100961538461536 0.09375 0.09375
0 0.375 0.39903846153846156 0.07692307692307693 0.09134615384615384
0 0.03485576923076923 0.44711538461538464 0.06971153846153846 0.07692307692307693
0 0.04447115384615385 0.4807692307692308 0.0889423076923077 0.11057692307692307
0 0.09254807692307693 0.4831730769230769 0.06490384615384616 0.08173076923076923
0 0.39783653846153844 0.4699519230769231 0.06490384615384616 0.06009615384615385
0 0.30649038461538464 0.5072115384615384 0.06490384615384616 0.038461538461538464
0 0.734375 0.48677884615384615 0.06009615384615385 0.05048076923076923
0 0.22115384615384615 0.5769230769230769 0.0673076923076923 0.0673076923076923
0 0.0829326923076923 0.5901442307692307 0.0985576923076923 0.0889423076923077
0 0.018028846153846152 0.6298076923076923 0.021634615384615384 0.07211538461538461
0 0.9411057692307693 0.5685096153846154 0.11298076923076923 0.08413461538461539
0 0.29447115384615385 0.6466346153846154 0.12259615384615384 0.1201923076923077