0 0.9723557692307693 0.23918269230769232 0.05048076923076923 0.0889423076923077
0 0.01201923076923077 0.7151442307692307 0.02403846153846154 0.13221153846153846
0 0.054086538461538464 0.6346153846153846 0.10817307692307693 0.08653846153846154
0 0.056490384615384616 0.5877403846153846 0.11298076923076923 0.10336538461538461
0 0.11177884615384616 0.5745192307692307 0.07932692307692307 0.08173076923076923
0 0.42427884615384615 0.5913461538461539 0.0889423076923077 0.09134615384615384
0 0.42908653846153844 0.5096153846153846 0.07451923076923077 0.052884615384615384
0 0.328125 0.49759615384615385 0.06490384615384616 0.04326923076923077
0 0.07932692307692307 0.4639423076923077 0.10576923076923077 0.08173076923076923
0 0.010817307692307692 0.4387019230769231 0.016826923076923076 0.08413461538461539
0 0.21875 0.44350961538461536 0.07692307692307693 0.06971153846153846
0 0.7932692307692307 0.39302884615384615 0.07692307692307693 0.040865384615384616
0 0.27283653846153844 0.3473557692307692 0.14182692307692307 0.12259615384615384