0 0.7680288461538461 0.16706730769230768 0.19951923076923078 0.21875
0 0.49399038461538464 0.1502403846153846 0.3293269230769231 0.29086538461538464
0 0.6286057692307693 0.8966346153846154 0.31009615384615385 0.20192307692307693
0 0.36778846153846156 0.8677884615384616 0.3798076923076923 0.25961538461538464
0 0.5192307692307693 0.7536057692307693 0.38461538461538464 0.24759615384615385
0 0.9483173076923077 0.6382211538461539 0.0985576923076923 0.15144230769230768
0 0.9927884615384616 0.6310096153846154 0.009615384615384616 0.13221153846153846
0 0.8353365384615384 0.5709134615384616 0.3245192307692308 0.31490384615384615
0 0.5120192307692307 0.5625 0.3701923076923077 0.3605769230769231
0 0.33533653846153844 0.48677884615384615 0.2956730769230769 0.2764423076923077
0 0.6358173076923077 0.4182692307692308 0.25240384615384615 0.21634615384615385