0 0.49759615384615385 0.7019230769230769 0.19230769230769232 0.18269230769230768
0 0.040865384615384616 0.796875 0.08173076923076923 0.08413461538461539
0 0.265625 0.8161057692307693 0.13701923076923078 0.12740384615384615
0 0.5769230769230769 0.15985576923076922 0.25 0.21875
0 0.4026442307692308 0.21514423076923078 0.18990384615384615 0.19951923076923078
0 0.4879807692307692 0.3125 0.23557692307692307 0.1346153846153846
0 0.7764423076923077 0.3641826923076923 0.08653846153846154 0.08413461538461539
0 0.8377403846153846 0.36778846153846156 0.06971153846153846 0.07692307692307693
0 0.703125 0.41346153846153844 0.18509615384615385 0.1875
0 0.9338942307692307 0.42427884615384615 0.12740384615384615 0.18990384615384615
0 0.4891826923076923 0.43149038461538464 0.2283653846153846 0.22355769230769232
0 0.38341346153846156 0.4951923076923077 0.18028846153846154 0.16346153846153846
0 0.13942307692307693 0.4855769230769231 0.08653846153846154 0.08173076923076923
0 0.5733173076923077 0.5228365384615384 0.15144230769230768 0.13221153846153846
0 0.6754807692307693 0.6766826923076923 0.12980769230769232 0.13221153846153846