0 0.15865384615384615 0.9086538461538461 0.3173076923076923 0.17307692307692307
0 0.5108173076923077 0.0829326923076923 0.2668269230769231 0.1658653846153846
0 0.8425480769230769 0.14783653846153846 0.0985576923076923 0.10336538461538461
0 0.921875 0.15384615384615385 0.07932692307692307 0.08653846153846154
0 0.7524038461538461 0.20552884615384615 0.21153846153846154 0.20432692307692307
0 0.9807692307692307 0.23317307692307693 0.03365384615384615 0.19230769230769232
0 0.5060096153846154 0.22355769230769232 0.27163461538461536 0.25
0 0.3942307692307692 0.30649038461538464 0.19230769230769232 0.18509615384615385
0 0.6069711538461539 0.3329326923076923 0.18990384615384615 0.1658653846153846
0 0.6081730769230769 0.020432692307692308 0.18269230769230768 0.040865384615384616
0 0.7259615384615384 0.5072115384615384 0.1346153846153846 0.15384615384615385
0 0.5228365384615384 0.5264423076923077 0.21875 0.1875
0 0.40865384615384615 0.04326923076923077 0.20192307692307693 0.08653846153846154
0 0.026442307692307692 0.6346153846153846 0.052884615384615384 0.09134615384615384
0 0.2512019230769231 0.6670673076923077 0.1658653846153846 0.15144230769230768