0 0.3137019230769231 0.6754807692307693 0.2764423076923077 0.2403846153846154
0 0.08413461538461539 0.6225961538461539 0.16826923076923078 0.2644230769230769
0 0.4567307692307692 0.8978365384615384 0.25 0.19951923076923078
0 0.16826923076923078 0.8677884615384616 0.33653846153846156 0.20192307692307693
0 0.3076923076923077 0.14423076923076922 0.4423076923076923 0.28846153846153844
0 0.13822115384615385 0.17908653846153846 0.21394230769230768 0.33413461538461536
0 0.7439903846153846 0.43509615384615385 0.12259615384615384 0.13942307692307693
0 0.20552884615384615 0.3137019230769231 0.37259615384615385 0.25721153846153844
0 0.6538461538461539 0.41947115384615385 0.16346153846153846 0.17067307692307693
0 0.8810096153846154 0.5300480769230769 0.23317307692307693 0.34375
0 0.5192307692307693 0.5012019230769231 0.3317307692307692 0.31971153846153844
0 0.19831730769230768 0.5252403846153846 0.39663461538461536 0.40625