0 0.06490384615384616 0.2247596153846154 0.057692307692307696 0.07451923076923077
0 0.9110576923076923 0.8762019230769231 0.08173076923076923 0.14182692307692307
0 0.8197115384615384 0.8317307692307693 0.13942307692307693 0.10576923076923077
0 0.8725961538461539 0.7848557692307693 0.1346153846153846 0.09375
0 0.8677884615384616 0.7391826923076923 0.1346153846153846 0.12259615384615384
0 0.515625 0.6706730769230769 0.10336538461538461 0.10576923076923077
0 0.8245192307692307 0.7139423076923077 0.08653846153846154 0.09134615384615384
0 0.9519230769230769 0.7223557692307693 0.04807692307692308 0.0985576923076923
0 0.9074519230769231 0.6923076923076923 0.07451923076923077 0.07211538461538461
0 0.5264423076923077 0.5877403846153846 0.08173076923076923 0.06971153846153846
0 0.6237980769230769 0.5985576923076923 0.06971153846153846 0.052884615384615384
0 0.875 0.6141826923076923 0.11538461538461539 0.10336538461538461
0 0.7451923076923077 0.5733173076923077 0.07692307692307693 0.06971153846153846
0 0.9651442307692307 0.6057692307692307 0.06009615384615385 0.08653846153846154
0 0.19831730769230768 0.40625 0.07932692307692307 0.057692307692307696
0 0.7127403846153846 0.4639423076923077 0.1466346153846154 0.13942307692307693