0 0.8653846153846154 0.3173076923076923 0.20673076923076922 0.21634615384615385
0 0.6286057692307693 0.21153846153846154 0.3293269230769231 0.30288461538461536
0 0.5216346153846154 0.90625 0.3125 0.18269230769230768
0 0.3329326923076923 0.027644230769230768 0.2091346153846154 0.055288461538461536
0 0.26802884615384615 0.8329326923076923 0.3485576923076923 0.30528846153846156
0 0.46033653846153844 0.7560096153846154 0.3629807692307692 0.25721153846153844
0 0.4651442307692308 0.7475961538461539 0.37259615384615385 0.27403846153846156
0 0.8846153846153846 0.7956730769230769 0.12980769230769232 0.12980769230769232
0 0.8052884615384616 0.6899038461538461 0.32211538461538464 0.32211538461538464
0 0.5144230769230769 0.5829326923076923 0.39903846153846156 0.39663461538461536
0 0.38221153846153844 0.46033653846153844 0.28846153846153844 0.28125
0 0.06370192307692307 0.3713942307692308 0.10817307692307693 0.10817307692307693
0 0.671875 0.4963942307692308 0.24759615384615385 0.23798076923076922