0 0.15384615384615385 0.20793269230769232 0.1346153846153846 0.10817307692307693
0 0.7884615384615384 0.08052884615384616 0.07692307692307693 0.06490384615384616
0 0.8786057692307693 0.9579326923076923 0.07451923076923077 0.07932692307692307
0 0.9050480769230769 0.9194711538461539 0.03125 0.040865384615384616
0 0.25600961538461536 0.640625 0.04567307692307692 0.06009615384615385
0 0.9507211538461539 0.640625 0.055288461538461536 0.07451923076923077
0 0.6334134615384616 0.5360576923076923 0.04567307692307692 0.052884615384615384
0 0.12740384615384615 0.4026442307692308 0.07211538461538461 0.07451923076923077
0 0.5120192307692307 0.48197115384615385 0.28365384615384615 0.25721153846153844
0 0.5444711538461539 0.32572115384615385 0.08413461538461539 0.07932692307692307
0 0.45072115384615385 0.28846153846153844 0.055288461538461536 0.052884615384615384