0 0.9699519230769231 0.7103365384615384 0.055288461538461536 0.06490384615384616
0 0.040865384615384616 0.25600961538461536 0.08173076923076923 0.13221153846153846
0 0.14543269230769232 0.27884615384615385 0.12259615384615384 0.08173076923076923
0 0.10576923076923077 0.3329326923076923 0.1201923076923077 0.06971153846153846
0 0.11538461538461539 0.375 0.11538461538461539 0.10096153846153846
0 0.45913461538461536 0.3762019230769231 0.08653846153846154 0.0889423076923077
0 0.16346153846153846 0.390625 0.07211538461538461 0.07932692307692307
0 0.028846153846153848 0.40625 0.057692307692307696 0.09134615384615384
0 0.0889423076923077 0.4266826923076923 0.0625 0.06009615384615385
0 0.4651442307692308 0.4543269230769231 0.06971153846153846 0.057692307692307696
0 0.3701923076923077 0.4639423076923077 0.0625 0.04326923076923077
0 0.1346153846153846 0.49158653846153844 0.10096153846153846 0.08413461538461539
0 0.2620192307692308 0.5072115384615384 0.0673076923076923 0.057692307692307696
0 0.04567307692307692 0.5168269230769231 0.052884615384615384 0.07692307692307693
0 0.8064903846153846 0.5661057692307693 0.06971153846153846 0.04567307692307692
0 0.3125 0.6057692307692307 0.125 0.11538461538461539