0 0.9026442307692307 0.24278846153846154 0.13221153846153846 0.11057692307692307
0 0.9350961538461539 0.3016826923076923 0.09134615384615384 0.08413461538461539
0 0.5745192307692307 0.38100961538461536 0.10096153846153846 0.0985576923076923
0 0.9411057692307693 0.34375 0.0985576923076923 0.11057692307692307
0 0.8954326923076923 0.359375 0.07932692307692307 0.0889423076923077
0 0.96875 0.4026442307692308 0.052884615384615384 0.07451923076923077
0 0.5805288461538461 0.46274038461538464 0.07932692307692307 0.06009615384615385
0 0.6814903846153846 0.4699519230769231 0.06490384615384616 0.05048076923076923
0 0.9411057692307693 0.47596153846153844 0.11298076923076923 0.10576923076923077
0 0.8016826923076923 0.5036057692307693 0.07451923076923077 0.07451923076923077
0 0.2247596153846154 0.6117788461538461 0.07932692307692307 0.06009615384615385
0 0.7536057692307693 0.6057692307692307 0.15144230769230768 0.1346153846153846
0 0.0673076923076923 0.7764423076923077 0.08173076923076923 0.09615384615384616