0 0.6959134615384616 0.6850961538461539 0.2764423076923077 0.23076923076923078
0 0.9314903846153846 0.6646634615384616 0.13221153846153846 0.2620192307692308
0 0.5204326923076923 0.9038461538461539 0.24759615384615385 0.1875
0 0.8269230769230769 0.8978365384615384 0.34134615384615385 0.17067307692307693
0 0.7596153846153846 0.13581730769230768 0.4182692307692308 0.27163461538461536
0 0.9110576923076923 0.19110576923076922 0.14423076923076922 0.3389423076923077
0 0.27283653846153844 0.38461538461538464 0.11778846153846154 0.13942307692307693
0 0.8257211538461539 0.3245192307692308 0.3293269230769231 0.23557692307692307
0 0.36658653846153844 0.3798076923076923 0.16105769230769232 0.16826923076923078
0 0.11177884615384616 0.46634615384615385 0.22355769230769232 0.34615384615384615
0 0.5 0.4807692307692308 0.3269230769230769 0.3125
0 0.8185096153846154 0.5408653846153846 0.3581730769230769 0.40384615384615385