0 0.9014423076923077 0.8413461538461539 0.09134615384615384 0.09134615384615384
0 0.10817307692307693 0.18990384615384615 0.12980769230769232 0.13942307692307693
0 0.14182692307692307 0.32091346153846156 0.11057692307692307 0.10817307692307693
0 0.18990384615384615 0.34375 0.08173076923076923 0.08173076923076923
0 0.47596153846153844 0.40024038461538464 0.09134615384615384 0.09375
0 0.05048076923076923 0.328125 0.0625 0.09375
0 0.4639423076923077 0.4807692307692308 0.07211538461538461 0.0625
0 0.3713942307692308 0.47115384615384615 0.06490384615384616 0.052884615384615384
0 0.13822115384615385 0.4362980769230769 0.10336538461538461 0.0889423076923077
0 0.051682692307692304 0.4375 0.06009615384615385 0.08173076923076923
0 0.25841346153846156 0.484375 0.06971153846153846 0.06490384615384616
0 0.7608173076923077 0.6658653846153846 0.07451923076923077 0.052884615384615384
0 0.2860576923076923 0.5853365384615384 0.13942307692307693 0.12740384615384615