0 0.03245192307692308 0.6959134615384616 0.06490384615384616 0.0985576923076923
0 0.2247596153846154 0.7451923076923077 0.1466346153846154 0.1346153846153846
0 0.6129807692307693 0.19471153846153846 0.2644230769230769 0.24519230769230768
0 0.43149038461538464 0.21153846153846154 0.2283653846153846 0.21634615384615385
0 0.5096153846153846 0.32211538461538464 0.23557692307692307 0.16346153846153846
0 0.7728365384615384 0.40625 0.07932692307692307 0.07692307692307693
0 0.8269230769230769 0.4206730769230769 0.07211538461538461 0.08173076923076923
0 0.6947115384615384 0.4483173076923077 0.20673076923076922 0.20432692307692307
0 0.9170673076923077 0.5012019230769231 0.16105769230769232 0.17548076923076922
0 0.4963942307692308 0.4254807692307692 0.24759615384615385 0.2403846153846154
0 0.38221153846153844 0.4675480769230769 0.16346153846153846 0.16105769230769232
0 0.16706730769230768 0.4254807692307692 0.0889423076923077 0.07692307692307693
0 0.5552884615384616 0.5252403846153846 0.17307692307692307 0.14182692307692307
0 0.6286057692307693 0.6802884615384616 0.12740384615384615 0.13942307692307693
0 0.46274038461538464 0.6790865384615384 0.20432692307692307 0.18990384615384615