0 0.9567307692307693 0.36899038461538464 0.08173076923076923 0.0985576923076923
0 0.9699519230769231 0.42908653846153844 0.055288461538461536 0.07932692307692307
0 0.6346153846153846 0.39783653846153844 0.08653846153846154 0.0985576923076923
0 0.9627403846153846 0.4723557692307692 0.06971153846153846 0.11298076923076923
0 0.9302884615384616 0.4735576923076923 0.08173076923076923 0.08173076923076923
0 0.6177884615384616 0.4675480769230769 0.0673076923076923 0.055288461538461536
0 0.9795673076923077 0.5180288461538461 0.036057692307692304 0.07451923076923077
0 0.7079326923076923 0.5084134615384616 0.06009615384615385 0.040865384615384616
0 0.27163461538461536 0.49278846153846156 0.0673076923076923 0.04807692307692308
0 0.9411057692307693 0.5829326923076923 0.10817307692307693 0.09375
0 0.7992788461538461 0.5709134615384616 0.07451923076923077 0.07451923076923077
0 0.7307692307692307 0.6514423076923077 0.12980769230769232 0.125
0 0.057692307692307696 0.5865384615384616 0.11538461538461539 0.09134615384615384