0 0.953125 0.7836538461538461 0.06490384615384616 0.09615384615384616
0 0.078125 0.22716346153846154 0.12259615384615384 0.13221153846153846
0 0.14423076923076922 0.3112980769230769 0.11538461538461539 0.07451923076923077
0 0.13942307692307693 0.3545673076923077 0.09615384615384616 0.09375
0 0.19951923076923078 0.36899038461538464 0.07211538461538461 0.07451923076923077
0 0.48197115384615385 0.3954326923076923 0.08413461538461539 0.08413461538461539
0 0.04326923076923077 0.37259615384615385 0.07211538461538461 0.10096153846153846
0 0.47716346153846156 0.47115384615384615 0.06971153846153846 0.04807692307692308
0 0.38100961538461536 0.4735576923076923 0.06009615384615385 0.038461538461538464
0 0.15264423076923078 0.47115384615384615 0.0985576923076923 0.08173076923076923
0 0.06370192307692307 0.4807692307692308 0.05048076923076923 0.07692307692307693
0 0.27524038461538464 0.5024038461538461 0.06971153846153846 0.0625
0 0.7944711538461539 0.6165865384615384 0.06971153846153846 0.04567307692307692
0 0.3137019230769231 0.5973557692307693 0.12740384615384615 0.11298076923076923