0 0.5168269230769231 0.28725961538461536 0.23076923076923078 0.19951923076923078
0 0.046875 0.12259615384615384 0.040865384615384616 0.10576923076923077
0 0.2668269230769231 0.12259615384615384 0.16346153846153846 0.13942307692307693
0 0.5288461538461539 0.8786057692307693 0.2932692307692308 0.23798076923076922
0 0.3233173076923077 0.8040865384615384 0.2668269230769231 0.23317307692307693
0 0.453125 0.7139423076923077 0.2620192307692308 0.17307692307692307
0 0.7872596153846154 0.7007211538461539 0.0985576923076923 0.0985576923076923
0 0.8473557692307693 0.7067307692307693 0.07451923076923077 0.08173076923076923
0 0.7091346153846154 0.6262019230769231 0.23076923076923078 0.21875
0 0.9459134615384616 0.6370192307692307 0.10336538461538461 0.17307692307692307
0 0.4723557692307692 0.5817307692307693 0.2668269230769231 0.2644230769230769
0 0.3605769230769231 0.4987980769230769 0.21153846153846154 0.19471153846153846
0 0.09134615384615384 0.47115384615384615 0.10576923076923077 0.08653846153846154
0 0.5817307692307693 0.4879807692307692 0.18269230769230768 0.16826923076923078
0 0.7103365384615384 0.3317307692307692 0.13701923076923078 0.16346153846153846