0 0.06129807692307692 0.33052884615384615 0.10336538461538461 0.09375
0 0.3942307692307692 0.390625 0.08173076923076923 0.09375
0 0.046875 0.3870192307692308 0.07932692307692307 0.07211538461538461
0 0.046875 0.42908653846153844 0.0889423076923077 0.10336538461538461
0 0.10096153846153846 0.4387019230769231 0.07211538461538461 0.07932692307692307
0 0.4098557692307692 0.4651442307692308 0.06009615384615385 0.06490384615384616
0 0.3173076923076923 0.4879807692307692 0.057692307692307696 0.038461538461538464
0 0.7391826923076923 0.5252403846153846 0.06490384615384616 0.04567307692307692
0 0.03125 0.4879807692307692 0.0625 0.07211538461538461
0 0.22355769230769232 0.5456730769230769 0.0673076923076923 0.0673076923076923
0 0.08052884615384616 0.5408653846153846 0.0985576923076923 0.09134615384615384
0 0.9314903846153846 0.6298076923076923 0.10817307692307693 0.08173076923076923
0 0.013221153846153846 0.5757211538461539 0.026442307692307692 0.08413461538461539
0 0.28966346153846156 0.6262019230769231 0.11778846153846154 0.11778846153846154