0 0.21875 0.8197115384615384 0.1971153846153846 0.16826923076923078
0 0.4014423076923077 0.08413461538461539 0.28846153846153844 0.16826923076923078
0 0.53125 0.15865384615384615 0.32211538461538464 0.1971153846153846
0 0.9230769230769231 0.23557692307692307 0.1201923076923077 0.11538461538461539
0 0.9807692307692307 0.24759615384615385 0.03365384615384615 0.10576923076923077
0 0.8161057692307693 0.3016826923076923 0.2620192307692308 0.24278846153846154
0 0.5372596153846154 0.32211538461538464 0.31009615384615385 0.3125
0 0.39783653846153844 0.39302884615384615 0.23798076923076922 0.22355769230769232
0 0.07692307692307693 0.3870192307692308 0.1201923076923077 0.08173076923076923
0 0.6346153846153846 0.453125 0.23557692307692307 0.18990384615384615
0 0.6394230769230769 0.052884615384615384 0.22115384615384615 0.10096153846153846
0 0.7752403846153846 0.6502403846153846 0.16105769230769232 0.18028846153846154
0 0.5444711538461539 0.6778846153846154 0.2764423076923077 0.25