0 0.05048076923076923 0.8125 0.052884615384615384 0.13942307692307693
0 0.13581730769230768 0.7860576923076923 0.12740384615384615 0.10576923076923077
0 0.08653846153846154 0.7319711538461539 0.125 0.08413461538461539
0 0.45913461538461536 0.65625 0.09615384615384616 0.09615384615384616
0 0.09014423076923077 0.6875 0.12259615384615384 0.11057692307692307
0 0.1466346153846154 0.6706730769230769 0.07692307692307693 0.08653846153846154
0 0.021634615384615384 0.6586538461538461 0.02403846153846154 0.10576923076923077
0 0.05889423076923077 0.6310096153846154 0.07932692307692307 0.07451923076923077
0 0.4567307692307692 0.5745192307692307 0.07692307692307693 0.057692307692307696
0 0.35697115384615385 0.5649038461538461 0.06490384615384616 0.04807692307692308
0 0.09975961538461539 0.5552884615384616 0.11298076923076923 0.10096153846153846
0 0.2403846153846154 0.53125 0.07211538461538461 0.07211538461538461
0 0.021634615384615384 0.5396634615384616 0.04326923076923077 0.0889423076923077
0 0.8100961538461539 0.43509615384615385 0.07692307692307693 0.057692307692307696
0 0.28966346153846156 0.43028846153846156 0.1466346153846154 0.12980769230769232
0 0.9555288461538461 0.27884615384615385 0.055288461538461536 0.09615384615384616