0 0.20673076923076922 0.9290865384615384 0.25961538461538464 0.13221153846153846
0 0.6237980769230769 0.15504807692307693 0.30528846153846156 0.2764423076923077
0 0.040865384615384616 0.8509615384615384 0.08173076923076923 0.13942307692307693
0 0.21033653846153846 0.8341346153846154 0.2668269230769231 0.22596153846153846
0 0.609375 0.7908653846153846 0.09375 0.07211538461538461
0 0.33533653846153844 0.7439903846153846 0.18509615384615385 0.16105769230769232
0 0.13701923076923078 0.7079326923076923 0.18269230769230768 0.1466346153846154
0 0.2824519230769231 0.9747596153846154 0.17067307692307693 0.040865384615384616
0 0.9423076923076923 0.6466346153846154 0.11057692307692307 0.20192307692307693
0 0.05048076923076923 0.5132211538461539 0.09615384615384616 0.17067307692307693
0 0.22956730769230768 0.5120192307692307 0.21875 0.1875
0 0.7584134615384616 0.4807692307692308 0.12259615384615384 0.09134615384615384
0 0.9507211538461539 0.4567307692307692 0.09375 0.14423076923076922
0 0.5108173076923077 0.43509615384615385 0.1466346153846154 0.12980769230769232