0 0.9735576923076923 0.6622596153846154 0.04807692307692308 0.09375
0 0.6310096153846154 0.6153846153846154 0.07932692307692307 0.09134615384615384
0 0.9855769230769231 0.5877403846153846 0.02403846153846154 0.07451923076923077
0 0.9783653846153846 0.5576923076923077 0.038461538461538464 0.10576923076923077
0 0.609375 0.5372596153846154 0.06490384615384616 0.055288461538461536
0 0.9447115384615384 0.5492788461538461 0.0625 0.07932692307692307
0 0.24639423076923078 0.49158653846153844 0.06490384615384616 0.05048076923076923
0 0.7067307692307693 0.5036057692307693 0.0625 0.040865384615384616
0 0.8028846153846154 0.43990384615384615 0.0673076923076923 0.0673076923076923
0 0.9555288461538461 0.4326923076923077 0.08413461538461539 0.09615384615384616
0 0.04447115384615385 0.39783653846153844 0.08413461538461539 0.07932692307692307
0 0.7271634615384616 0.359375 0.12740384615384615 0.11778846153846154