0 0.4795673076923077 0.2848557692307692 0.23317307692307693 0.19951923076923078
0 0.20432692307692307 0.15264423076923078 0.16346153846153846 0.13701923076923078
0 0.5805288461538461 0.8834134615384616 0.2956730769230769 0.2283653846153846
0 0.3605769230769231 0.8425480769230769 0.2692307692307692 0.23317307692307693
0 0.4795673076923077 0.7319711538461539 0.2668269230769231 0.17067307692307693
0 0.8185096153846154 0.6694711538461539 0.0985576923076923 0.0985576923076923
0 0.8810096153846154 0.6658653846153846 0.07451923076923077 0.08173076923076923
0 0.7259615384615384 0.6045673076923077 0.23076923076923078 0.21875
0 0.9579326923076923 0.5817307692307693 0.07932692307692307 0.18269230769230768
0 0.4795673076923077 0.59375 0.2668269230769231 0.2644230769230769
0 0.35096153846153844 0.5252403846153846 0.21153846153846154 0.19471153846153846
0 0.07211538461538461 0.5360576923076923 0.10576923076923077 0.08653846153846154
0 0.5769230769230769 0.4831730769230769 0.18269230769230768 0.16826923076923078
0 0.6862980769230769 0.30408653846153844 0.13701923076923078 0.1658653846153846