0 0.34615384615384615 0.27524038461538464 0.25 0.19951923076923078
0 0.09134615384615384 0.2608173076923077 0.1778846153846154 0.24759615384615385
0 0.546875 0.08533653846153846 0.21394230769230768 0.17067307692307693
0 0.2668269230769231 0.06610576923076923 0.3125 0.13221153846153846
0 0.20793269230769232 0.8269230769230769 0.38221153846153844 0.34134615384615385
0 0.06971153846153846 0.7115384615384616 0.13942307692307693 0.30288461538461536
0 0.7043269230769231 0.6129807692307693 0.08653846153846154 0.11057692307692307
0 0.16947115384615385 0.5985576923076923 0.3389423076923077 0.20192307692307693
0 0.6153846153846154 0.6069711538461539 0.11538461538461539 0.11298076923076923
0 0.8846153846153846 0.5661057692307693 0.22596153846153846 0.3004807692307692
0 0.5180288461538461 0.4879807692307692 0.2860576923076923 0.2692307692307692
0 0.18389423076923078 0.3942307692307692 0.3245192307692308 0.3269230769230769