0 0.8942307692307693 0.8605769230769231 0.08173076923076923 0.10576923076923077
0 0.13942307692307693 0.15985576923076922 0.15384615384615385 0.13221153846153846
0 0.20072115384615385 0.2403846153846154 0.12259615384615384 0.09615384615384616
0 0.18870192307692307 0.27884615384615385 0.10817307692307693 0.10096153846153846
0 0.2439903846153846 0.3088942307692308 0.08413461538461539 0.0889423076923077
0 0.08653846153846154 0.27884615384615385 0.10576923076923077 0.10576923076923077
0 0.5168269230769231 0.38461538461538464 0.10096153846153846 0.09615384615384616
0 0.49759615384615385 0.4567307692307692 0.07211538461538461 0.057692307692307696
0 0.40384615384615385 0.4411057692307692 0.0673076923076923 0.05048076923076923
0 0.17427884615384615 0.39783653846153844 0.10336538461538461 0.0889423076923077
0 0.09254807692307693 0.3918269230769231 0.06490384615384616 0.08173076923076923
0 0.296875 0.4495192307692308 0.06971153846153846 0.0673076923076923
0 0.78125 0.6646634615384616 0.07211538461538461 0.06009615384615385
0 0.3161057692307692 0.5528846153846154 0.1466346153846154 0.13942307692307693