0 0.9747596153846154 0.7331730769230769 0.04567307692307692 0.08173076923076923
0 0.055288461538461536 0.21394230769230768 0.10576923076923077 0.11538461538461539
0 0.11057692307692307 0.29086538461538464 0.11538461538461539 0.07211538461538461
0 0.11177884615384616 0.33052884615384615 0.0985576923076923 0.0889423076923077
0 0.16826923076923078 0.35336538461538464 0.07211538461538461 0.08173076923076923
0 0.4735576923076923 0.35336538461538464 0.08173076923076923 0.07692307692307693
0 0.030048076923076924 0.3581730769230769 0.055288461538461536 0.09615384615384616
0 0.4735576923076923 0.43990384615384615 0.0673076923076923 0.052884615384615384
0 0.37259615384615385 0.44350961538461536 0.0625 0.03125
0 0.12980769230769232 0.45913461538461536 0.09134615384615384 0.07692307692307693
0 0.040865384615384616 0.4735576923076923 0.04807692307692308 0.07692307692307693
0 0.2620192307692308 0.484375 0.0625 0.055288461538461536
0 0.8125 0.5721153846153846 0.0673076923076923 0.04326923076923077
0 0.3137019230769231 0.5817307692307693 0.13221153846153846 0.11538461538461539