0 0.6875 0.31490384615384615 0.2403846153846154 0.1971153846153846
0 0.9134615384615384 0.3329326923076923 0.16826923076923078 0.23798076923076922
0 0.5324519230769231 0.11177884615384616 0.20432692307692307 0.18990384615384615
0 0.7848557692307693 0.11057692307692307 0.29086538461538464 0.19230769230769232
0 0.7512019230769231 0.8269230769230769 0.36778846153846156 0.34134615384615385
0 0.9002403846153846 0.734375 0.17548076923076922 0.2860576923076923
0 0.3293269230769231 0.5745192307692307 0.08653846153846154 0.10576923076923077
0 0.8233173076923077 0.6262019230769231 0.3389423076923077 0.20432692307692307
0 0.41225961538461536 0.5817307692307693 0.11298076923076923 0.11057692307692307
0 0.15504807692307693 0.5144230769230769 0.2620192307692308 0.28846153846153844
0 0.5108173076923077 0.48677884615384615 0.2764423076923077 0.2620192307692308
0 0.8185096153846154 0.43990384615384615 0.31490384615384615 0.3173076923076923