0 0.4110576923076923 0.3112980769230769 0.34134615384615385 0.31490384615384615
0 0.8990384615384616 0.8557692307692307 0.1971153846153846 0.19230769230769232
0 0.5432692307692307 0.9134615384615384 0.1201923076923077 0.08653846153846154
0 0.7932692307692307 0.8473557692307693 0.20192307692307693 0.2091346153846154
0 0.9435096153846154 0.7536057692307693 0.10817307692307693 0.1658653846153846
0 0.1466346153846154 0.8425480769230769 0.21634615384615385 0.2283653846153846
0 0.9891826923076923 0.5805288461538461 0.016826923076923076 0.13221153846153846
0 0.859375 0.5997596153846154 0.24759615384615385 0.18990384615384615
0 0.33774038461538464 0.6490384615384616 0.14182692307692307 0.10096153846153846
0 0.11899038461538461 0.65625 0.17548076923076922 0.15384615384615385
0 0.5673076923076923 0.5588942307692307 0.16826923076923078 0.17067307692307693