0 0.33774038461538464 0.7307692307692307 0.29086538461538464 0.25961538461538464
0 0.6382211538461539 0.7283653846153846 0.24759615384615385 0.21634615384615385
0 0.8209134615384616 0.90625 0.18990384615384615 0.13942307692307693
0 0.5552884615384616 0.9362980769230769 0.3076923076923077 0.12259615384615384
0 0.5420673076923077 0.1971153846153846 0.3918269230769231 0.3557692307692308
0 0.265625 0.3161057692307692 0.3629807692307692 0.31971153846153844
0 0.4495192307692308 0.4338942307692308 0.3701923076923077 0.24759615384615385
0 0.8990384615384616 0.4387019230769231 0.12980769230769232 0.12259615384615384
0 0.9651442307692307 0.4326923076923077 0.06490384615384616 0.11538461538461539
0 0.796875 0.5372596153846154 0.31009615384615385 0.2956730769230769
0 0.4855769230769231 0.6213942307692307 0.375 0.36778846153846156