0 0.8894230769230769 0.11658653846153846 0.07211538461538461 0.11298076923076923
0 0.12620192307692307 0.8786057692307693 0.10336538461538461 0.12740384615384615
0 0.15865384615384615 0.8004807692307693 0.1346153846153846 0.10576923076923077
0 0.14543269230769232 0.7596153846153846 0.11778846153846154 0.11057692307692307
0 0.20673076923076922 0.7247596153846154 0.09134615384615384 0.0985576923076923
0 0.0673076923076923 0.7524038461538461 0.052884615384615384 0.10096153846153846
0 0.5 0.6346153846153846 0.11057692307692307 0.10576923076923077
0 0.47836538461538464 0.5588942307692307 0.07692307692307693 0.06490384615384616
0 0.3762019230769231 0.5769230769230769 0.07451923076923077 0.057692307692307696
0 0.12860576923076922 0.6298076923076923 0.11298076923076923 0.09615384615384616
0 0.04326923076923077 0.6346153846153846 0.0625 0.08653846153846154
0 0.25721153846153844 0.5709134615384616 0.07692307692307693 0.07451923076923077
0 0.7824519230769231 0.3293269230769231 0.07932692307692307 0.0673076923076923
0 0.2776442307692308 0.4567307692307692 0.16105769230769232 0.15384615384615385