0 0.703125 0.8701923076923077 0.22355769230769232 0.1971153846153846
0 0.7019230769230769 0.09735576923076923 0.3076923076923077 0.18509615384615385
0 0.5540865384615384 0.12740384615384615 0.35336538461538464 0.24519230769230768
0 0.13942307692307693 0.10817307692307693 0.13942307692307693 0.1346153846153846
0 0.08173076923076923 0.10096153846153846 0.04326923076923077 0.10576923076923077
0 0.23197115384615385 0.19951923076923078 0.3004807692307692 0.28365384615384615
0 0.5048076923076923 0.29086538461538464 0.3605769230769231 0.3605769230769231
0 0.6274038461538461 0.39663461538461536 0.27403846153846156 0.25961538461538464
0 0.9423076923076923 0.4699519230769231 0.11057692307692307 0.10336538461538461
0 0.37740384615384615 0.39663461538461536 0.2644230769230769 0.22596153846153846
0 0.46634615384615385 0.030048076923076924 0.23076923076923078 0.06009615384615385
0 0.18629807692307693 0.5612980769230769 0.18990384615384615 0.20432692307692307
0 0.4074519230769231 0.6466346153846154 0.31490384615384615 0.2932692307692308