0 0.9399038461538461 0.8221153846153846 0.04807692307692308 0.10096153846153846
0 0.09735576923076923 0.16105769230769232 0.11298076923076923 0.14423076923076922
0 0.14783653846153846 0.25600961538461536 0.12740384615384615 0.0889423076923077
0 0.13581730769230768 0.3004807692307692 0.10817307692307693 0.10576923076923077
0 0.19951923076923078 0.31971153846153844 0.08173076923076923 0.08653846153846154
0 0.4951923076923077 0.3737980769230769 0.09615384615384616 0.09375
0 0.046875 0.3112980769230769 0.06009615384615385 0.10336538461538461
0 0.4831730769230769 0.4519230769230769 0.07692307692307693 0.057692307692307696
0 0.38221153846153844 0.4483173076923077 0.0673076923076923 0.04567307692307692
0 0.13942307692307693 0.421875 0.11057692307692307 0.09375
0 0.046875 0.4266826923076923 0.06009615384615385 0.08413461538461539
0 0.2668269230769231 0.4675480769230769 0.07692307692307693 0.06971153846153846
0 0.8052884615384616 0.6358173076923077 0.07692307692307693 0.055288461538461536
0 0.3004807692307692 0.5697115384615384 0.14423076923076922 0.12980769230769232